
PLAYER	TEAM	AGE	GP	W	L	MIN	PTS	FGM	FGA	FG%	3PM	3PA	3P%	FTM	FTA	FT%	OREB	DREB	REB	AST	TOV	STL	BLK	PF	FP	DD2	TD3	+/-
1	
Joel Embiid
PHI	27	46	31	15	32.9	29.6	9.5	19.3	49.5	1.3	3.7	36.9	9.2	11.3	81.3	2.0	9.2	11.2	4.5	3.0	1.0	1.4	2.6	54.1	28	2	4.7
2	
Giannis Antetokounmpo
MIL	27	49	31	18	32.7	29.4	10.1	18.5	54.7	1.2	3.8	30.9	8.0	11.1	72.1	1.9	9.3	11.2	6.0	3.3	1.0	1.4	3.2	55.8	31	4	6.3
3	
Kevin Durant
BKN	33	36	24	12	36.5	29.3	10.5	20.3	52.0	1.9	5.0	37.2	6.3	7.1	89.4	0.6	6.9	7.4	5.8	3.0	0.8	0.9	1.9	49.0	11	2	3.0
4	
LeBron James
LAL	37	41	21	20	36.8	29.1	11.0	21.2	52.2	2.8	7.9	35.3	4.2	5.6	74.8	1.1	6.8	7.9	6.5	3.2	1.6	1.0	2.2	52.8	15	4	-0.7
5	
DeMar DeRozan
CHI	32	55	36	19	35.6	28.1	10.3	19.9	51.7	0.6	1.8	34.3	6.9	8.0	86.6	0.8	4.4	5.2	5.1	2.3	0.9	0.3	2.2	43.3	5	0	4.2
6	
Trae Young
ATL	23	53	26	27	34.4	27.8	9.3	20.5	45.6	3.0	7.8	38.3	6.2	6.9	89.8	0.6	3.2	3.9	9.3	4.1	1.0	0.1	1.6	45.6	28	0	1.0
7	
Luka Doncic
DAL	22	44	29	15	35.4	27.5	9.7	21.7	44.9	2.8	8.3	33.5	5.3	7.3	73.1	0.9	8.3	9.2	9.0	4.4	1.1	0.5	2.4	52.5	30	9	2.8
8	
Ja Morant
MEM	22	46	29	17	33.2	26.8	10.0	20.2	49.5	1.5	4.5	33.0	5.3	7.0	75.5	1.3	4.5	5.8	6.9	3.4	1.2	0.4	1.5	45.5	9	1	2.9
9	
Nikola Jokic
DEN	27	52	32	20	33.0	26.0	9.9	17.4	57.0	1.6	4.3	37.2	4.5	5.6	80.8	2.8	11.0	13.8	7.9	3.8	1.3	0.7	2.5	56.8	46	15	7.1
10	
Stephen Curry
GSW	33	54	40	14	34.8	25.8	8.4	19.6	42.7	4.6	12.3	37.9	4.4	4.8	91.9	0.6	4.7	5.3	6.3	3.2	1.4	0.4	2.1	43.7	10	2	8.8
11	
Donovan Mitchell
UTA	25	46	31	15	33.4	25.7	9.3	20.3	45.6	3.3	9.5	35.1	3.9	4.5	87.3	0.9	3.3	4.2	5.2	2.9	1.6	0.3	2.4	41.3	1	0	6.4
12	
Jayson Tatum
BOS	23	56	32	24	36.1	25.7	8.9	20.6	43.4	2.8	8.4	32.9	5.1	6.0	84.8	1.2	7.2	8.4	4.2	2.9	1.0	0.7	2.3	44.2	18	0	7.0
13	
Devin Booker
PHX	25	51	43	8	34.1	25.5	9.3	20.8	44.6	2.6	7.1	36.9	4.3	5.0	86.3	0.8	4.4	5.2	4.5	2.4	1.0	0.4	2.5	40.3	2	0	6.3
14	
Paul George
LAC	31	26	14	12	35.5	24.7	9.0	21.4	42.1	2.7	8.3	32.3	4.0	4.5	88.0	0.4	6.7	7.1	5.5	4.2	2.0	0.4	2.5	44.5	6	0	0.9
15	
Zach LaVine
CHI	26	47	31	16	34.6	24.6	8.7	18.1	48.2	2.9	7.2	39.9	4.2	4.9	86.9	0.3	4.6	4.9	4.5	2.7	0.6	0.4	1.7	37.4	0	0	2.1
16	
Karl-Anthony Towns
MIN	26	52	29	23	34.3	24.4	8.7	16.7	52.2	2.1	5.2	40.9	4.9	5.9	81.9	2.8	6.9	9.7	4.0	3.3	1.0	1.1	3.6	45.2	27	1	3.3
17	
Kyrie Irving
BKN	29	14	4	10	36.2	24.1	9.1	20.1	45.2	2.5	6.8	36.8	3.5	3.8	92.5	0.6	4.2	4.8	5.4	2.4	1.1	0.6	2.4	40.6	1	0	-0.4
18	
Damian Lillard
POR	31	29	12	17	36.4	24.0	7.7	19.0	40.2	3.2	9.8	32.4	5.5	6.2	87.8	0.4	3.7	4.1	7.3	2.9	0.6	0.4	1.3	39.9	8	0	-1.0
19	
Jaylen Brown
BOS	25	46	27	19	34.3	23.7	8.7	18.8	46.0	2.7	7.5	35.3	3.8	4.9	77.3	0.8	5.7	6.5	3.3	2.9	1.1	0.3	2.5	37.8	8	1	6.1
20	
Bradley Beal
WAS	28	40	17	23	36.0	23.2	8.7	19.3	45.1	1.6	5.3	30.0	4.2	5.1	83.3	1.0	3.8	4.7	6.6	3.4	0.9	0.4	2.4	39.3	4	0	-2.6
21	
Anthony Davis
LAL	28	37	17	20	35.1	23.1	9.2	17.2	53.7	0.3	1.8	18.2	4.4	6.1	70.9	2.8	6.9	9.7	2.9	2.1	1.2	2.3	2.5	47.7	17	0	-1.8
22	
Shai Gilgeous-Alexander
OKC	23	43	14	29	34.6	22.7	7.8	18.3	42.4	1.6	5.6	27.8	5.6	6.9	81.1	0.7	4.0	4.7	5.5	2.4	1.1	0.8	2.3	40.0	4	1	-3.7
23	
James Harden
PHI	32	44	26	18	37.0	22.5	6.6	16.0	41.4	2.3	7.0	33.2	6.9	8.0	86.9	1.0	7.0	8.0	10.2	4.8	1.3	0.7	2.4	48.4	29	9	0.5
24	
Brandon Ingram
NOP	24	45	21	24	34.3	22.1	8.1	18.2	44.8	1.5	4.4	33.3	4.3	5.3	81.6	0.7	5.0	5.7	5.4	2.6	0.6	0.5	2.2	37.7	7	0	0.3
25	
Pascal Siakam
TOR	27	44	24	20	37.8	21.9	8.5	17.1	49.5	1.1	3.1	34.8	3.9	5.3	73.8	2.1	6.6	8.7	5.2	2.8	1.3	0.7	3.5	43.3	18	0	3.8
26	
Anthony Edwards
MIN	20	53	28	25	34.6	21.9	7.8	18.0	43.5	3.1	8.7	35.5	3.1	4.0	77.6	0.9	3.9	4.8	3.6	2.8	1.5	0.7	2.3	36.8	4	0	3.3
27	
De'Aaron Fox
SAC	24	48	19	29	34.4	21.8	8.2	17.6	46.4	1.0	3.8	27.1	4.4	5.9	75.4	0.5	3.4	3.9	5.1	2.8	1.1	0.4	2.9	36.0	1	0	-3.7
28	
Jimmy Butler
MIA	32	40	26	14	34.3	21.8	7.2	15.0	47.8	0.4	2.0	19.2	7.1	7.9	89.6	2.0	4.5	6.4	6.0	2.2	1.8	0.5	1.5	43.0	12	4	5.0
29	
Fred VanVleet
TOR	27	50	29	21	38.4	21.6	7.3	17.3	41.9	4.0	10.0	40.1	3.1	3.5	87.4	0.8	3.8	4.6	7.0	2.7	1.6	0.5	2.3	41.3	10	1	3.6
30	
CJ McCollum
NOP	30	41	16	25	35.4	21.5	8.4	18.9	44.7	3.1	8.0	38.9	1.5	2.1	71.8	1.0	3.5	4.5	4.6	2.0	1.0	0.5	2.1	36.5	2	0	-2.9
31	
Darius Garland
CLE	22	47	29	18	34.6	20.3	7.8	16.3	47.7	2.6	6.8	37.8	2.2	2.4	91.1	0.5	2.8	3.3	8.0	3.7	1.2	0.1	1.7	36.3	16	1	6.8
32	
LaMelo Ball
CHA	20	53	25	28	32.7	20.0	7.2	16.9	42.3	2.7	7.3	36.7	3.1	3.6	85.7	1.6	5.5	7.1	7.5	3.2	1.6	0.4	3.2	42.7	18	5	0.0
33	
Miles Bridges
CHA	23	58	27	31	36.3	20.0	7.4	15.4	48.1	1.8	5.9	30.8	3.3	4.2	79.8	1.2	6.0	7.2	3.6	2.0	1.0	0.9	2.6	37.9	11	0	0.7
34	
Tyler Herro
MIA	22	46	29	17	32.7	20.0	7.4	17.3	42.7	2.5	6.7	37.4	2.7	3.1	87.9	0.6	4.2	4.8	3.9	2.8	0.6	0.2	1.5	31.3	2	0	2.5
35	
Dejounte Murray
SAS	25	52	22	30	34.4	19.9	8.2	17.9	45.9	1.3	4.0	31.9	2.2	2.9	75.8	1.3	7.0	8.3	9.3	2.4	2.0	0.3	2.0	48.6	29	11	1.1
36	
Julius Randle
NYK	27	57	25	32	35.7	19.8	7.1	16.9	42.1	1.6	5.3	30.6	3.9	5.2	76.5	1.8	8.4	10.2	5.2	3.5	0.8	0.6	2.8	40.4	27	1	-3.6
37	
Khris Middleton
MIL	30	48	31	17	32.1	19.4	6.6	15.0	43.8	2.3	6.4	35.6	4.0	4.5	88.4	0.6	4.9	5.5	5.3	2.9	1.2	0.3	2.5	35.4	4	0	4.4
38	
Kristaps Porzingis
WAS	26	34	19	15	29.5	19.2	6.7	14.9	45.1	1.4	5.1	28.3	4.3	5.0	86.5	1.9	5.8	7.7	2.0	1.6	0.7	1.7	2.6	37.3	9	0	1.4
39	
Jerami Grant
DET	27	33	5	28	32.2	19.0	6.3	15.1	41.6	1.8	5.2	33.9	4.7	5.6	84.2	0.7	3.6	4.3	2.5	2.0	1.0	1.1	2.2	32.0	1	0	-7.0
40	
D'Angelo Russell
MIN	25	45	26	19	32.2	18.8	6.5	15.9	40.8	3.0	8.6	35.1	2.9	3.6	80.2	0.4	3.1	3.5	7.0	2.5	0.9	0.5	2.2	35.1	10	0	4.6
41	
Norman Powell
LAC	28	43	13	30	32.9	18.8	6.2	13.6	45.7	2.3	5.7	40.7	4.1	5.1	80.7	0.5	2.8	3.3	2.2	1.6	1.0	0.4	2.3	28.7	0	0	-5.3
42	
Domantas Sabonis
SAC	25	51	18	33	34.5	18.8	7.1	12.3	57.9	0.7	2.2	31.5	3.9	5.3	73.9	3.3	8.7	12.0	5.1	3.0	1.0	0.5	3.1	42.0	37	5	0.3
43	
Terry Rozier
CHA	27	51	24	27	33.7	18.7	6.8	16.0	42.8	3.0	8.2	36.0	2.0	2.5	81.9	0.8	3.5	4.3	4.3	1.3	1.1	0.4	1.6	33.4	3	1	-0.6
44	
Tobias Harris
PHI	29	49	29	20	35.3	18.7	7.3	15.0	48.4	1.2	3.4	34.5	2.9	3.4	85.1	1.1	6.2	7.3	3.7	1.8	0.6	0.7	2.0	35.0	8	1	0.4
45	
Bam Adebayo
MIA	24	34	21	13	33.4	18.6	7.1	13.5	52.4	0.0	0.1	0.0	4.4	5.9	75.1	2.9	7.4	10.2	3.5	2.9	1.5	0.7	3.1	39.9	19	0	4.9
46	
Gary Trent Jr.
TOR	23	48	30	18	34.9	18.6	6.7	15.7	43.0	3.2	8.0	39.7	1.9	2.4	81.4	0.3	2.4	2.7	1.9	1.0	1.9	0.3	2.1	30.2	0	0	2.5
47	
Malcolm Brogdon
IND	29	28	11	17	33.4	18.5	6.6	14.7	44.8	1.6	5.4	30.7	3.8	4.4	86.1	0.9	4.3	5.1	5.9	2.2	0.9	0.4	2.0	35.2	4	1	1.7
48	
Dillon Brooks
MEM	26	21	13	8	27.9	18.4	6.9	16.2	42.6	1.6	4.8	32.7	3.0	3.4	88.9	0.8	2.5	3.3	2.7	1.8	1.3	0.2	3.3	29.1	0	0	5.1
49	
Russell Westbrook
LAL	33	57	27	30	34.6	18.3	6.9	15.8	43.7	1.0	3.5	29.9	3.4	5.1	66.8	1.4	6.4	7.8	7.5	4.1	1.1	0.3	3.0	38.8	23	9	-2.0
50	
Nikola Vucevic
CHI	31	52	34	18	33.9	18.2	7.7	16.2	47.4	1.5	4.8	31.7	1.3	1.7	75.6	2.0	9.7	11.7	3.6	1.9	1.0	1.2	2.5	42.2	34	0	2.5
51	
Caris LeVert
CLE	27	43	17	26	31.1	18.2	7.0	15.8	44.3	1.5	4.7	32.0	2.7	3.5	76.0	0.7	2.9	3.6	4.4	1.9	1.0	0.4	2.3	31.4	1	0	-0.8
52	
Jrue Holiday
MIL	31	47	32	15	33.0	18.1	7.2	14.2	50.7	1.9	4.6	40.7	1.9	2.5	75.9	1.0	3.6	4.6	6.6	2.7	1.5	0.5	2.0	36.7	8	0	6.1
53	
Jonas Valanciunas
NOP	29	53	22	31	31.3	18.0	6.9	12.8	53.8	0.9	2.3	38.5	3.3	4.0	82.5	3.2	8.3	11.5	2.6	2.5	0.5	0.9	3.3	37.4	35	0	-0.1
54	
RJ Barrett
NYK	21	48	22	26	33.1	18.0	6.4	15.5	41.2	2.0	5.6	35.4	3.2	4.6	69.5	0.9	4.8	5.7	2.6	2.0	0.5	0.3	2.0	29.2	3	0	-3.6
55	
Desmond Bane
MEM	23	56	39	17	30.2	17.9	6.6	14.4	46.0	2.9	6.9	41.9	1.8	1.9	90.7	0.6	3.9	4.5	2.5	1.6	1.2	0.4	2.6	30.2	0	0	3.4
56	
Bojan Bogdanovic
UTA	32	56	36	20	31.0	17.8	6.1	13.4	45.5	2.4	6.4	38.0	3.2	3.7	87.0	0.8	3.5	4.4	1.7	1.7	0.5	0.0	1.7	25.4	3	0	3.7
57	
Andrew Wiggins
GSW	26	54	38	16	31.7	17.7	6.7	13.9	48.1	2.3	5.5	41.4	2.1	3.2	66.1	1.0	3.2	4.2	2.1	1.5	1.0	0.7	1.9	29.7	0	0	4.9
58	
Cole Anthony
ORL	21	46	11	35	33.0	17.7	6.0	15.2	39.8	2.2	6.5	33.7	3.5	4.0	85.5	0.6	5.2	5.8	5.9	2.9	0.8	0.3	2.7	34.0	7	0	-3.8
59	
Christian Wood
HOU	26	54	15	39	30.9	17.5	6.4	13.3	48.4	1.8	4.9	37.2	2.9	4.6	61.6	1.7	8.5	10.2	2.2	1.9	0.8	0.9	2.4	36.4	26	0	-7.0
60	
OG Anunoby
TOR	24	42	26	16	36.7	17.5	6.6	15.1	43.6	2.4	6.8	35.1	1.9	2.5	74.8	1.6	3.9	5.5	2.6	1.8	1.5	0.6	3.0	32.6	3	0	1.6
61	
Luguentz Dort
OKC	22	51	17	34	32.7	17.2	5.7	14.2	40.4	2.5	7.7	33.2	3.2	3.7	84.3	0.7	3.4	4.2	1.7	1.7	0.9	0.4	2.9	26.8	0	0	-5.8
62	
Klay Thompson
GSW	32	16	9	7	25.3	17.1	6.2	14.8	41.8	2.9	7.7	37.4	1.8	1.9	93.5	0.4	3.4	3.8	3.1	1.4	0.6	0.4	1.5	28.0	0	0	3.9
63	
Harrison Barnes
SAC	29	55	19	36	33.7	17.0	5.2	11.1	46.6	2.0	4.8	40.9	4.7	5.6	82.8	1.1	5.0	6.1	2.5	1.6	0.7	0.2	1.3	29.0	4	0	-5.5
64	
Anfernee Simons
POR	22	53	25	28	29.3	17.0	6.2	13.8	44.7	3.1	7.6	40.0	1.6	1.8	88.5	0.5	2.2	2.7	3.9	1.9	0.5	0.1	1.9	26.1	2	0	-0.4
65	
Tyrese Maxey
PHI	21	51	29	22	35.6	16.9	6.3	13.4	46.9	1.4	3.6	39.0	2.9	3.4	87.1	0.4	3.2	3.5	4.6	1.2	0.6	0.5	2.1	30.4	1	0	2.0
66	
John Collins
ATL	24	50	24	26	31.3	16.8	6.5	12.1	53.7	1.2	3.2	38.8	2.5	3.2	79.4	1.8	6.1	7.9	1.9	1.1	0.6	1.1	3.1	33.2	15	0	0.6
67	
Jaren Jackson Jr.
MEM	22	59	40	19	27.8	16.7	5.7	13.7	41.5	1.7	5.5	31.8	3.6	4.5	80.2	1.6	4.4	6.0	1.1	1.7	1.0	2.2	3.4	33.4	6	0	3.4
68	
Reggie Jackson
LAC	31	57	28	29	30.9	16.6	6.3	15.9	39.5	2.3	7.0	32.5	1.7	2.0	83.5	0.5	3.0	3.4	4.5	2.2	0.7	0.2	2.0	28.1	4	0	-1.0
69	
Deandre Ayton
PHX	23	37	30	7	29.1	16.5	7.2	11.4	63.3	0.1	0.2	22.2	2.0	2.8	72.8	2.6	7.6	10.3	1.4	1.6	0.8	0.8	2.2	33.9	19	0	4.2
70	
Jordan Poole
GSW	22	53	38	15	28.8	16.4	5.6	12.7	43.8	2.3	6.9	33.8	2.9	3.1	92.2	0.5	2.7	3.1	3.5	2.3	0.8	0.3	2.6	26.3	0	0	4.6
71	
Kyle Kuzma
WAS	26	55	27	28	33.2	16.3	6.1	13.5	45.2	1.9	5.5	33.4	2.2	3.2	70.3	1.1	7.7	8.8	3.1	2.4	0.7	0.8	1.8	33.5	22	1	-4.0
72	
Jalen Brunson
DAL	25	58	35	23	32.1	16.3	6.5	12.9	50.3	1.2	3.1	37.2	2.2	2.7	81.3	0.6	3.3	3.8	5.4	1.7	0.9	0.1	1.9	30.0	6	0	2.7
73	
Kelly Oubre Jr.
CHA	26	54	25	29	28.5	16.2	5.9	13.5	43.5	2.7	8.0	34.0	1.7	2.6	67.6	1.2	2.9	4.1	1.1	1.0	1.2	0.4	2.6	26.6	1	0	-0.6
74	
Jarrett Allen
CLE	23	50	33	17	32.6	16.2	6.6	9.9	66.6	0.0	0.2	10.0	3.0	4.3	70.2	3.6	7.4	11.0	1.8	1.8	0.7	1.3	1.8	36.6	30	0	3.0
75	
Marcus Morris Sr.
LAC	32	36	16	20	29.9	16.2	5.9	13.4	43.9	2.1	5.4	38.8	2.3	2.7	84.7	0.6	4.3	4.8	2.2	1.3	0.6	0.3	2.3	26.5	2	0	-3.1
76	
Gordon Hayward
CHA	31	48	26	22	32.2	16.1	5.9	12.7	46.0	1.8	4.5	39.0	2.6	3.1	84.6	0.8	3.8	4.6	3.6	1.7	1.0	0.5	1.8	29.6	1	0	-0.3
77	
Collin Sexton
CLE	23	11	7	4	28.8	16.0	6.2	13.7	45.0	1.0	4.1	24.4	2.6	3.5	74.4	1.2	2.1	3.3	2.1	2.8	0.9	0.0	2.3	23.0	0	0	-2.7
78	
Saddiq Bey
DET	22	58	13	45	33.6	15.9	5.5	14.1	38.8	2.6	7.4	34.6	2.4	2.9	83.0	1.4	4.4	5.8	2.8	1.3	0.9	0.2	1.6	29.3	6	0	-7.7
79	
Cade Cunningham
DET	20	44	12	32	31.8	15.7	6.0	15.2	39.4	2.0	6.2	32.7	1.8	2.0	85.6	0.9	4.5	5.5	5.2	3.5	1.3	0.7	3.0	32.4	6	2	-6.1
80	
Keldon Johnson
SAS	22	55	22	33	31.3	15.7	5.8	12.5	46.7	1.9	4.5	42.5	2.1	2.8	74.8	1.1	4.9	6.0	1.8	1.3	0.8	0.1	1.9	27.0	5	0	0.5
81	
Rudy Gobert
UTA	29	44	30	14	32.1	15.7	5.6	7.9	71.1	0.0	0.0	0.0	4.5	6.5	68.9	3.5	11.3	14.8	1.2	1.8	0.8	2.3	2.7	42.3	35	0	7.6
82	
Franz Wagner
ORL	20	60	13	47	32.0	15.6	5.9	12.7	46.6	1.3	3.6	36.2	2.4	2.9	85.4	1.1	3.5	4.6	3.0	1.6	0.9	0.5	2.1	28.0	2	0	-4.4
83	
Jordan Clarkson
UTA	29	55	34	21	26.4	15.5	5.6	13.9	40.3	2.5	7.9	32.0	1.7	2.1	83.2	0.8	2.6	3.3	2.4	1.6	0.7	0.2	1.9	24.4	0	0	4.7
84	
Bobby Portis
MIL	27	51	31	20	28.8	15.3	6.0	12.5	48.2	1.9	4.7	40.2	1.4	1.8	75.5	2.6	6.5	9.1	1.3	1.5	0.8	0.8	2.6	31.5	19	0	4.5
85	
Seth Curry
BKN	31	48	29	19	34.7	15.2	5.8	11.9	48.5	2.3	5.7	41.0	1.4	1.5	87.8	0.4	3.0	3.4	4.1	1.9	0.8	0.2	2.2	26.4	1	0	3.1
86	
Will Barton
DEN	31	51	28	23	32.3	15.2	5.8	13.0	44.4	2.2	6.0	37.0	1.4	1.7	78.4	0.6	4.3	5.0	3.9	1.9	0.8	0.5	1.5	29.2	1	0	1.2
87	
Jusuf Nurkic
POR	27	56	25	31	28.2	15.0	5.7	10.7	53.5	0.3	1.0	26.8	3.3	4.8	69.0	3.0	8.1	11.1	2.8	2.6	1.1	0.6	3.4	35.1	30	0	0.2
88	
Chris Paul
PHX	36	58	48	10	33.0	14.9	5.6	11.5	48.7	1.0	3.1	33.0	2.7	3.2	84.3	0.3	4.2	4.5	10.7	2.4	1.9	0.3	2.0	40.4	31	2	7.2
89	
Evan Mobley
CLE	20	50	32	18	34.1	14.9	6.0	12.0	50.3	0.4	1.4	26.5	2.4	3.6	67.2	1.9	6.2	8.1	2.6	2.0	0.8	1.6	2.0	33.9	13	0	2.8
90	
Buddy Hield
IND	29	59	21	38	29.3	14.8	5.0	12.9	38.9	3.3	9.1	36.6	1.4	1.6	86.6	0.8	3.4	4.2	2.1	1.6	0.8	0.3	2.1	24.7	0	0	-2.1
91	
Tyrese Haliburton
IND	21	55	21	34	34.8	14.7	5.4	11.7	46.0	2.1	5.1	41.7	1.8	2.2	83.3	0.7	3.2	3.9	7.7	2.3	1.7	0.6	1.4	35.7	16	0	-4.2
92	
Jalen Green
HOU	20	43	7	36	30.4	14.6	4.9	12.6	38.7	1.9	6.2	31.1	2.9	3.6	81.8	0.4	2.7	3.1	2.3	2.2	0.6	0.2	1.6	21.9	0	0	-11.4
93	
Aaron Gordon
DEN	26	53	31	22	31.8	14.5	5.6	10.9	51.6	1.2	3.5	33.3	2.1	2.8	73.5	1.7	4.1	5.8	2.6	1.8	0.7	0.5	1.9	27.3	4	0	4.7
94	
Evan Fournier
NYK	29	57	24	33	29.5	14.5	5.2	12.3	42.4	3.0	7.6	39.4	1.1	1.5	72.3	0.5	2.4	2.9	1.9	1.4	1.0	0.3	2.1	23.2	0	0	-1.9
95	
Scottie Barnes
TOR	20	49	27	22	35.4	14.4	5.7	12.1	47.0	0.8	2.7	31.3	2.2	3.0	73.3	2.4	5.0	7.4	3.3	1.8	1.0	0.8	2.7	32.0	5	0	0.3
96	
Montrezl Harrell
CHA	28	50	22	28	24.9	14.4	5.5	8.5	64.6	0.1	0.3	26.7	3.3	4.6	71.3	2.2	4.6	6.8	2.0	1.1	0.4	0.7	2.0	27.8	6	0	1.3
97	
Kevin Love
CLE	33	50	29	21	22.3	14.3	4.5	10.7	42.6	2.5	6.4	39.3	2.7	3.2	85.4	1.2	6.2	7.3	2.1	1.3	0.3	0.2	1.2	26.8	9	0	2.9
98	
Eric Gordon
HOU	33	47	15	32	29.7	14.3	5.0	10.5	48.2	2.3	5.4	41.7	1.9	2.6	75.8	0.3	1.7	2.0	3.0	2.0	0.5	0.4	1.1	21.8	0	0	-3.7
99	
Derrick White
BOS	27	53	23	30	30.3	14.2	4.9	11.6	42.3	1.6	5.4	30.6	2.8	3.2	86.0	0.5	3.0	3.6	5.5	1.8	1.1	0.9	2.4	30.7	2	0	1.8
100	
Tim Hardaway Jr.
DAL	29	42	24	18	29.6	14.2	5.0	12.6	39.4	2.4	7.2	33.6	1.9	2.5	75.7	0.3	3.4	3.7	2.2	0.8	0.9	0.1	1.8	24.3	0	0	0.9
101	
Dennis Schroder
HOU	28	52	28	24	29.2	14.2	5.2	11.9	43.6	1.3	3.9	34.3	2.5	3.0	85.2	0.6	2.8	3.4	4.4	2.2	0.8	0.1	2.4	25.6	0	0	0.6
102	
Josh Hart
POR	26	44	19	25	33.7	14.1	5.0	9.7	51.4	1.2	3.4	35.1	2.9	3.9	75.4	1.3	6.3	7.6	4.1	2.1	1.1	0.3	2.9	31.3	12	0	-1.6
103	
Wendell Carter Jr.
ORL	22	51	10	41	29.4	14.0	5.4	10.6	50.7	1.2	3.6	32.1	2.1	3.0	70.6	2.1	8.1	10.2	2.7	1.7	0.6	0.7	2.6	32.6	25	0	-3.1
104	
Coby White
CHI	22	39	25	14	28.2	14.0	5.0	11.0	45.3	2.4	5.9	40.1	1.6	1.9	84.0	0.3	2.8	3.1	2.8	1.3	0.5	0.3	2.3	23.0	1	0	-0.2
105	
Mike Conley
UTA	34	52	35	17	28.3	13.8	4.8	10.9	43.8	2.4	5.8	41.0	1.9	2.3	83.8	0.6	2.5	3.1	5.3	1.7	1.2	0.3	1.9	28.4	2	0	6.5
106	
LaMarcus Aldridge
BKN	36	39	23	16	22.9	13.8	5.8	10.4	55.9	0.3	1.0	30.8	1.8	2.1	85.5	1.6	4.1	5.7	0.8	1.0	0.3	1.1	1.8	25.2	2	0	1.9
107	
Kevin Porter Jr.
HOU	21	39	11	28	30.1	13.7	4.7	11.8	39.9	2.3	6.0	38.0	2.0	3.3	60.6	0.7	3.2	3.9	6.2	3.5	1.2	0.3	2.5	28.5	4	0	-5.2
108	
Lauri Markkanen
CLE	24	38	23	15	30.2	13.6	4.9	11.3	43.6	2.0	5.9	34.2	1.7	1.9	86.3	1.1	4.2	5.3	1.5	0.8	0.8	0.6	1.8	25.3	1	0	4.7
109	
Carmelo Anthony
LAL	37	50	24	26	26.5	13.4	4.6	10.5	43.7	2.3	5.9	39.2	2.0	2.4	82.4	0.8	3.3	4.2	1.0	0.9	0.7	0.8	2.2	23.7	1	0	1.3
110	
Chris Duarte
IND	24	50	19	31	28.7	13.4	5.0	11.5	43.5	1.7	4.8	36.4	1.7	2.1	79.2	0.7	3.4	4.1	2.2	1.7	1.0	0.2	1.7	23.7	0	0	-0.7
111	
Mikal Bridges
PHX	25	58	48	10	34.8	13.4	5.3	10.0	53.0	1.4	3.8	36.5	1.4	1.6	84.0	1.0	3.3	4.3	2.1	0.8	1.2	0.4	1.9	25.9	0	0	6.9
111	
Patty Mills
BKN	33	58	31	27	31.1	13.4	4.7	11.1	42.5	3.2	7.7	41.9	0.7	0.8	85.4	0.3	1.9	2.2	2.6	1.0	0.8	0.3	1.5	22.0	0	0	2.1
113	
Bogdan Bogdanovic
ATL	29	40	19	21	28.7	13.3	4.9	11.2	43.3	2.5	6.6	37.5	1.1	1.4	81.5	0.3	3.5	3.9	3.0	1.1	1.0	0.2	2.1	24.8	0	0	1.3
114	
Kyle Lowry
MIA	35	46	30	16	34.3	13.3	4.4	10.4	42.5	2.2	6.1	35.2	2.3	2.7	84.0	0.6	4.0	4.6	7.9	3.0	1.2	0.3	2.8	32.2	13	2	4.3
115	
Jakob Poeltl
SAS	26	49	20	29	28.9	13.1	5.9	9.6	61.4	0.0	0.0	100	1.2	2.7	46.6	3.9	5.3	9.2	2.8	1.6	0.7	1.8	3.0	34.3	19	0	2.7
116	
Ricky Rubio
IND	31	34	20	14	28.5	13.1	4.4	12.1	36.3	1.7	5.1	33.9	2.6	3.0	85.4	0.4	3.7	4.1	6.6	2.6	1.4	0.2	2.2	30.3	5	0	5.4
117	
De'Andre Hunter
ATL	24	30	14	16	29.1	13.0	4.8	10.8	44.8	1.4	3.7	38.2	2.0	2.7	72.0	0.5	2.9	3.4	1.2	1.4	0.6	0.4	3.0	20.5	1	0	-1.2
118	
Lonzo Ball
CHI	24	35	22	13	34.6	13.0	4.6	10.9	42.3	3.1	7.4	42.3	0.6	0.8	75.0	1.0	4.4	5.4	5.1	2.3	1.8	0.9	2.4	32.9	3	1	2.3
119	
Devonte' Graham
NOP	26	55	22	33	30.7	13.0	4.3	11.9	36.0	2.8	8.1	34.2	1.6	1.9	84.1	0.5	2.1	2.6	4.4	1.5	0.9	0.1	1.5	24.4	0	0	0.0
120	
Malik Monk
LAL	24	52	26	26	27.1	13.0	4.8	10.1	47.1	2.3	5.6	39.9	1.2	1.5	77.2	0.4	2.9	3.3	2.4	1.4	0.7	0.4	1.7	22.6	1	0	2.5
121	
Myles Turner
IND	25	42	15	27	29.4	12.9	4.8	9.4	50.9	1.5	4.4	33.3	1.9	2.5	75.2	1.5	5.5	7.1	1.0	1.3	0.7	2.8	2.8	32.1	9	0	-0.3
122	
Monte Morris
DEN	26	52	29	23	30.0	12.7	5.1	10.7	47.6	1.6	4.3	37.5	0.9	1.0	85.2	0.4	2.6	3.0	4.3	1.0	0.7	0.2	1.2	24.1	0	0	4.7
123	
Jae'Sean Tate
HOU	26	56	15	41	27.4	12.6	4.9	9.7	50.7	0.8	2.6	28.6	2.0	2.8	71.7	1.7	3.9	5.6	3.1	1.9	0.9	0.6	3.7	26.6	7	0	-5.9
124	
Jalen Suggs
ORL	20	39	10	29	28.2	12.6	4.4	12.0	36.7	0.9	4.2	22.8	2.8	3.7	77.6	0.6	3.1	3.7	4.4	3.0	1.3	0.4	3.0	25.6	1	0	-5.1
125	
Josh Giddey
OKC	19	53	17	36	31.4	12.4	5.2	12.4	41.8	1.1	4.0	26.7	1.0	1.5	70.5	1.8	6.0	7.8	6.4	3.2	0.9	0.4	1.6	32.1	16	4	-5.3
126	
Spencer Dinwiddie
DAL	28	46	22	24	30.1	12.3	4.1	10.9	37.8	1.5	5.0	30.7	2.5	3.2	78.5	0.8	3.8	4.6	5.7	1.6	0.6	0.2	2.4	27.2	7	1	-2.1
127	
Nickeil Alexander-Walker
UTA	23	52	21	31	25.4	12.3	4.6	12.2	37.4	1.8	5.9	31.0	1.3	1.9	72.2	0.7	2.5	3.2	2.7	1.6	0.8	0.4	1.7	21.9	2	0	-2.4
128	
Derrick Rose
NYK	33	26	11	15	24.5	12.0	4.7	10.5	44.5	1.4	3.5	40.2	1.2	1.2	96.8	0.8	2.2	3.0	4.0	1.5	0.8	0.5	0.6	23.9	0	0	3.5
129	
Malik Beasley
MIN	25	59	31	28	25.3	11.9	4.3	11.4	37.5	2.9	8.2	35.3	0.5	0.7	76.2	0.4	2.6	3.0	1.5	0.6	0.5	0.2	1.2	19.1	0	0	-0.9
130	
Doug McDermott
SAS	30	43	19	24	24.5	11.9	4.5	9.5	47.1	2.3	5.3	44.1	0.6	0.8	75.0	0.4	2.1	2.5	1.2	0.8	0.3	0.1	1.6	16.9	0	0	-0.7
131	
Cameron Johnson
PHX	25	55	45	10	26.0	11.9	4.1	8.9	46.0	2.5	5.7	43.0	1.2	1.4	84.6	0.6	3.6	4.2	1.3	0.6	0.9	0.2	1.7	21.5	0	0	4.3
132	
Luke Kennard
LAC	25	50	24	26	27.8	11.8	4.1	9.1	44.6	2.7	6.1	44.8	0.9	1.0	88.5	0.2	3.2	3.5	2.3	0.9	0.7	0.1	1.6	20.8	1	0	2.6
133	
Duncan Robinson
MIA	27	56	37	19	27.5	11.8	4.0	10.0	39.8	3.1	8.4	36.4	0.7	0.9	83.3	0.4	2.6	3.0	1.6	0.9	0.6	0.2	2.6	19.3	0	0	2.1
134	
Marcus Smart
BOS	27	50	31	19	32.7	11.7	4.0	9.8	41.1	1.5	4.8	31.1	2.2	2.8	78.3	0.6	3.3	3.9	5.3	2.0	1.8	0.3	2.4	28.6	0	0	6.2
135	
Kemba Walker
NYK	31	37	16	21	25.6	11.6	4.0	10.0	40.3	2.0	5.4	36.7	1.6	1.9	84.5	0.4	2.6	3.0	3.5	1.3	0.7	0.2	1.0	21.9	1	1	-4.9
136	
Kevin Huerter
ATL	23	51	25	26	29.0	11.6	4.5	9.8	46.2	1.9	5.1	37.7	0.6	0.7	81.1	0.4	2.7	3.2	2.8	1.3	0.6	0.4	2.3	21.3	1	0	2.2
137	
Kentavious Caldwell-Pope
WAS	29	55	26	29	29.4	11.6	4.2	10.2	41.0	2.0	5.2	38.0	1.3	1.4	89.9	0.5	2.9	3.4	1.7	1.2	1.1	0.4	1.7	21.4	1	0	-3.8
138	
Devin Vassell
SAS	21	51	20	31	25.7	11.5	4.5	10.3	43.4	1.7	5.1	34.5	0.9	1.1	80.4	0.5	3.7	4.2	1.7	0.7	1.0	0.6	2.0	23.1	1	0	1.6
139	
Grayson Allen
MIL	26	49	31	18	28.0	11.5	4.0	9.4	42.5	2.5	6.4	39.2	1.0	1.1	85.7	0.5	2.9	3.4	1.5	0.6	0.8	0.3	1.4	20.7	0	0	3.3
140	
Cameron Oliver
ATL	25	2	1	1	21.7	11.5	5.0	7.5	66.7	0.5	1.5	33.3	1.0	1.5	66.7	1.0	2.0	3.0	1.5	0.0	0.5	0.5	2.5	20.4	0	0	-1.0
141	
Gary Harris
ORL	27	52	10	42	29.4	11.4	4.1	9.4	44.1	1.9	5.0	38.0	1.3	1.5	84.8	0.6	1.5	2.1	1.9	1.1	0.9	0.2	1.9	19.0	0	0	-4.9
142	
Garrison Mathews
HOU	25	41	14	27	27.4	11.4	3.2	7.8	41.1	2.4	6.5	37.1	2.6	3.2	80.9	0.6	2.8	3.4	1.0	0.7	0.7	0.3	2.9	19.4	0	0	-3.5
143	
Joe Harris
BKN	30	14	10	4	30.2	11.3	4.0	8.9	45.2	2.9	6.3	46.6	0.4	0.4	83.3	0.4	3.6	4.0	1.0	1.1	0.5	0.1	2.2	18.4	0	0	1.1
144	
Lonnie Walker IV
SAS	23	54	21	33	22.8	11.2	4.2	10.6	39.5	1.4	4.7	29.4	1.5	1.8	80.8	0.3	2.3	2.6	2.3	1.1	0.6	0.3	1.4	19.5	0	0	-0.9
145	
Hamidou Diallo
DET	23	51	10	41	22.6	11.1	4.5	9.2	49.4	0.4	1.6	24.1	1.6	2.4	65.0	1.2	3.7	4.9	1.3	1.0	1.2	0.3	2.6	22.5	5	0	-4.2
146	
Justin Holiday
SAC	32	53	18	35	29.1	11.0	3.9	9.5	40.9	2.6	6.9	37.8	0.7	0.8	83.7	0.4	2.3	2.7	1.9	1.0	0.7	0.4	2.2	19.5	0	0	-1.7
147	
Richaun Holmes
SAC	28	41	15	26	24.7	11.0	4.6	6.9	66.9	0.0	0.1	40.0	1.6	2.1	77.0	2.1	5.2	7.4	1.1	1.3	0.4	1.0	2.9	24.2	8	0	-3.1
148	
Alec Burks
NYK	30	58	25	33	26.6	10.9	3.3	8.6	37.9	1.7	4.4	38.5	2.7	3.3	82.2	0.6	3.8	4.4	2.7	1.0	1.1	0.3	2.4	23.4	0	0	0.8
149	
Frank Jackson
DET	23	43	6	37	22.5	10.9	3.8	9.3	41.0	1.8	5.5	31.9	1.4	1.8	79.5	0.3	1.3	1.6	1.0	0.8	0.5	0.2	1.7	15.6	0	0	-5.0
150	
Cedi Osman
CLE	26	46	30	16	23.0	10.8	3.8	9.1	42.0	2.0	5.7	35.6	1.2	1.9	64.0	0.4	1.9	2.3	2.0	0.9	0.9	0.2	1.9	18.7	0	0	0.7
151	
Max Strus
MIA	25	47	32	15	23.8	10.7	3.7	8.5	43.6	2.6	6.5	40.1	0.7	0.9	76.7	0.4	2.8	3.2	1.3	0.8	0.3	0.2	1.7	17.3	0	0	1.6
152	
Clint Capela
ATL	27	50	25	25	28.0	10.7	4.8	8.2	58.6	0.0	0.0	0.0	1.1	2.4	46.7	3.7	8.3	12.1	1.4	0.6	0.7	1.4	2.2	32.8	23	0	0.8
153	
Terrence Ross
ORL	31	51	10	41	24.2	10.6	3.7	9.0	40.6	1.3	4.2	31.6	1.9	2.2	86.7	0.3	2.2	2.5	2.0	1.3	0.5	0.2	1.1	17.4	0	0	-5.9
154	
Danilo Gallinari
ATL	33	47	23	24	23.4	10.6	3.3	7.9	41.8	1.6	4.0	39.5	2.3	2.6	91.7	0.6	3.8	4.4	1.4	0.6	0.5	0.2	1.4	19.2	0	0	1.2
155	
Frank Kaminsky
PHX	28	9	8	1	20.1	10.6	4.0	7.3	54.5	0.6	1.7	33.3	2.0	2.2	90.0	1.2	3.3	4.6	1.4	0.6	0.9	0.8	1.6	22.6	0	0	4.3
156	
Brandon Clarke
MEM	25	45	31	14	19.3	10.5	4.5	7.0	64.8	0.1	0.4	21.1	1.4	2.0	69.7	2.1	3.4	5.5	1.4	0.5	0.6	1.1	1.8	23.6	2	0	2.2
157	
Terance Mann
LAC	25	60	29	31	28.9	10.5	4.1	8.5	48.4	1.0	2.7	36.0	1.4	1.8	74.3	1.3	3.9	5.2	2.4	1.0	0.7	0.1	2.2	21.8	4	0	-0.2
158	
Cam Reddish
NYK	22	43	18	25	21.0	10.5	3.5	8.8	39.5	1.4	3.9	36.1	2.1	2.3	91.1	0.5	1.7	2.1	1.0	1.2	1.0	0.3	1.1	17.1	0	0	-4.5
159	
Cameron Payne
PHX	27	40	33	7	20.4	10.5	4.0	9.8	40.4	1.1	3.4	33.6	1.4	1.7	86.4	0.4	2.4	2.8	3.6	1.8	0.6	0.3	1.9	20.0	0	0	1.9
160	
Davion Mitchell
SAC	23	53	20	33	26.0	10.4	4.3	10.5	40.6	1.4	4.3	32.6	0.5	0.8	55.8	0.6	1.8	2.4	3.5	1.2	0.7	0.3	1.9	20.3	0	0	-2.0
161	
Jeff Green
DEN	35	54	31	23	24.5	10.4	3.7	7.3	51.0	0.8	2.4	32.3	2.1	2.6	82.7	0.6	2.6	3.1	1.2	0.9	0.3	0.4	2.1	17.2	1	0	0.5
162	
Terence Davis
SAC	24	30	11	19	17.9	10.4	3.8	8.9	42.3	1.6	5.0	32.9	1.2	1.5	81.8	0.4	2.8	3.1	1.3	1.1	0.8	0.4	2.3	18.6	0	0	2.0
163	
Dorian Finney-Smith
DAL	28	58	35	23	32.9	10.1	3.7	8.4	44.2	1.9	5.1	37.2	0.8	1.1	68.2	1.6	3.2	4.8	1.9	1.1	1.2	0.5	2.3	22.8	1	0	3.2
164	
Trey Lyles
SAC	26	53	11	42	18.8	10.1	3.3	7.3	45.9	0.8	2.8	30.1	2.6	3.3	78.4	1.1	3.5	4.7	1.1	1.1	0.4	0.5	1.7	19.0	1	0	-3.1
165	
Al Horford
BOS	35	51	30	21	28.3	10.1	3.8	8.5	44.5	1.2	4.0	30.7	1.3	1.5	83.5	1.5	6.0	7.5	3.4	1.0	0.6	1.3	1.8	28.9	10	0	3.5
166	
Pat Connaughton
MIL	29	54	34	20	27.0	10.1	3.6	7.7	46.7	2.3	5.7	40.7	0.6	0.7	81.1	0.7	3.7	4.4	1.2	0.6	0.9	0.3	1.4	20.2	0	0	-0.1
167	
Brandon Knight
DAL	30	3	1	2	18.2	10.0	3.0	6.7	45.0	1.3	4.3	30.8	2.7	2.7	100	0.0	2.3	2.3	2.7	1.3	0.3	0.0	1.7	16.5	0	0	2.0
168	
Mo Bamba
ORL	23	49	10	39	26.0	10.0	3.9	8.4	46.8	1.3	3.7	34.4	0.8	1.0	80.0	2.1	5.8	7.9	1.3	1.2	0.6	1.8	2.5	27.4	10	0	-6.6
169	
Robert Williams III
BOS	24	47	28	19	30.0	10.0	4.4	6.0	73.2	0.0	0.0	0.0	1.1	1.6	69.3	3.9	5.8	9.7	2.0	1.2	0.9	2.2	2.1	32.8	19	1	5.1
170	
JaVale McGee
PHX	34	52	43	9	16.1	9.9	4.3	6.5	65.7	0.0	0.1	33.3	1.4	2.0	68.3	2.3	4.6	6.9	0.6	1.4	0.3	1.0	2.5	21.9	8	0	2.5
171	
De'Anthony Melton
MEM	23	51	34	17	22.7	9.9	3.6	9.3	38.7	1.6	4.7	34.3	1.1	1.6	71.3	1.0	3.5	4.5	2.7	1.4	1.6	0.5	1.7	24.5	1	0	3.7
172	
Shake Milton
PHI	25	31	18	13	24.3	9.9	3.8	9.1	41.7	0.8	2.7	29.8	1.5	1.7	87.0	0.6	2.5	3.1	2.8	1.2	0.7	0.4	2.1	19.9	0	0	-1.8
173	
Eric Bledsoe
POR	32	54	27	27	25.2	9.9	3.6	8.7	42.1	0.9	3.0	31.3	1.6	2.2	76.1	0.5	2.9	3.4	4.2	2.1	1.3	0.4	1.6	22.9	2	0	-0.7
173	
Michael Porter Jr.
DEN	23	9	5	4	29.4	9.9	4.1	11.4	35.9	1.1	5.3	20.8	0.6	1.0	55.6	1.0	5.6	6.6	1.9	1.3	1.1	0.2	1.8	23.3	1	0	6.4
175	
Darius Bazley
OKC	21	53	16	37	27.3	9.8	3.6	9.0	40.0	1.0	3.5	29.4	1.6	2.3	69.7	1.1	5.4	6.6	1.3	1.3	0.8	1.1	1.0	24.2	4	0	-6.2
176	
Cam Thomas
BKN	20	48	21	27	19.6	9.8	3.8	8.6	44.5	0.9	3.1	27.3	1.3	1.6	80.8	0.2	2.4	2.6	1.3	0.8	0.5	0.1	1.0	16.1	0	0	-1.1
177	
P.J. Washington
CHA	23	43	19	24	25.4	9.8	3.5	7.8	44.3	1.8	4.7	37.6	1.1	1.5	72.3	1.3	4.3	5.6	2.0	1.3	0.8	0.9	2.5	23.4	2	0	0.1
178	
Nassir Little
POR	22	42	19	23	25.9	9.8	3.5	7.5	46.0	1.2	3.7	33.1	1.6	2.2	73.4	1.4	4.2	5.6	1.3	1.0	0.6	0.9	2.0	21.8	3	0	-0.5
179	
Ivica Zubac
LAC	24	55	28	27	24.2	9.7	3.7	5.8	65.0	0.0	0.0	0.0	2.2	3.1	71.3	2.6	5.4	8.0	1.4	1.4	0.5	1.0	2.5	24.3	16	0	-3.2
180	
Kelly Olynyk
DET	30	21	4	17	19.9	9.7	3.5	8.6	40.3	1.0	3.5	29.7	1.7	2.4	68.6	1.6	3.3	4.9	2.8	1.7	0.9	0.5	2.4	22.2	1	0	-4.7
181	
Herbert Jones
NOP	23	56	23	33	29.9	9.6	3.6	7.2	49.9	0.7	1.9	35.8	1.7	2.0	85.5	1.3	2.6	3.9	2.1	1.3	1.4	0.9	3.1	23.1	1	0	0.4
182	
Josh Richardson
SAS	28	45	28	17	24.5	9.6	3.4	7.7	44.1	1.4	3.5	39.9	1.4	1.6	85.9	0.6	2.2	2.8	1.5	0.9	0.8	0.5	1.8	18.2	0	0	1.9
183	
Terry Taylor
IND	22	13	3	10	19.0	9.5	4.2	7.1	59.8	0.3	0.7	44.4	0.8	1.0	76.9	3.4	3.5	6.8	1.5	0.4	0.2	0.2	1.9	20.7	2	0	-1.8
184	
Talen Horton-Tucker
LAL	21	42	19	23	25.9	9.5	3.6	8.7	41.0	0.8	3.0	27.3	1.5	1.9	80.0	0.6	2.7	3.4	2.7	1.5	0.9	0.6	2.5	20.5	1	0	-0.2
185	
Bryn Forbes
DEN	28	55	23	32	17.8	9.5	3.4	7.8	43.8	1.6	3.9	42.1	1.1	1.2	90.6	0.1	1.3	1.5	1.1	0.8	0.4	0.1	1.2	13.3	0	0	-0.4
186	
Caleb Martin
MIA	26	44	27	17	22.9	9.5	3.7	7.2	50.6	1.0	2.6	37.9	1.2	1.6	73.9	1.3	2.7	4.0	1.0	0.8	1.0	0.5	1.6	19.3	1	0	1.1
187	
Georges Niang
PHI	28	54	34	20	23.4	9.4	3.3	7.7	43.3	2.0	4.9	39.7	0.8	0.9	86.3	0.4	2.3	2.7	1.5	0.8	0.4	0.2	2.6	15.9	0	0	2.1
188	
Immanuel Quickley
NYK	22	55	23	32	21.3	9.4	3.1	8.5	36.8	1.6	4.9	32.8	1.5	1.7	91.4	0.4	1.9	2.3	3.0	1.3	0.6	0.1	2.2	17.3	0	0	2.9
189	
Patrick Beverley
MIN	33	40	22	18	26.4	9.2	3.2	7.8	41.0	1.4	4.2	33.3	1.5	2.1	70.7	1.1	3.3	4.4	4.9	1.3	1.2	1.0	3.1	26.8	2	0	2.6
190	
Marvin Bagley III
DET	22	32	11	21	21.9	9.2	3.8	8.2	46.0	0.5	2.0	23.8	1.2	1.7	68.5	2.3	4.9	7.2	0.6	0.7	0.3	0.3	1.6	19.8	4	0	-1.8
191	
Gabe Vincent
MIA	25	50	33	17	24.0	9.2	3.3	7.8	42.3	1.8	4.9	37.4	0.7	0.9	82.2	0.4	1.7	2.0	3.4	1.5	0.9	0.2	2.5	18.7	0	0	1.3
192	
Nic Claxton
BKN	22	25	12	13	21.2	9.1	4.0	6.2	63.9	0.0	0.0	0.0	1.2	2.1	56.6	2.2	3.4	5.6	0.8	0.7	0.5	1.1	2.2	21.2	3	0	-3.6
193	
Ben McLemore
POR	29	42	18	24	18.8	9.1	3.1	7.7	39.7	2.3	6.1	37.4	0.7	0.9	78.4	0.3	1.3	1.6	0.9	0.6	0.4	0.1	1.4	13.3	0	0	-3.3
194	
Chris Boucher
TOR	29	55	32	23	20.2	9.1	3.2	6.9	46.2	0.8	2.7	28.4	2.0	2.6	77.1	2.1	3.8	5.9	0.3	0.6	0.7	1.0	2.2	21.2	6	0	2.4
195	
Chimezie Metu
SAC	24	42	16	26	22.2	9.0	3.4	7.8	43.6	1.0	3.4	28.0	1.2	1.6	77.3	0.7	5.2	5.9	1.1	1.0	0.8	0.6	1.4	20.9	5	0	-2.3
196	
Isaac Okoro
CLE	21	43	25	18	28.8	9.0	3.2	6.8	46.4	0.8	2.7	31.6	1.8	2.3	77.8	1.0	2.1	3.1	1.9	1.0	0.8	0.3	2.6	17.8	0	0	1.9
197	
Rudy Gay
UTA	35	35	23	12	20.0	8.9	3.1	7.3	41.8	1.4	4.1	34.0	1.4	1.8	79.0	1.0	3.6	4.6	1.1	0.9	0.6	0.3	1.9	18.0	0	0	2.9
198	
Furkan Korkmaz
PHI	24	51	32	19	24.0	8.9	3.2	8.1	39.6	1.3	4.5	29.8	1.2	1.4	83.3	0.3	2.7	3.0	2.3	0.8	0.6	0.1	1.0	17.3	1	0	0.4
199	
Jaden McDaniels
MIN	21	56	30	26	26.3	8.9	3.5	7.9	44.5	1.1	3.6	29.6	0.8	1.0	78.9	1.2	3.1	4.3	1.2	1.1	0.8	0.7	3.2	19.3	0	0	-0.6
200	
Rui Hachimura
WAS	24	18	8	10	18.3	8.9	3.3	7.3	45.5	1.0	2.2	46.2	1.2	1.6	78.6	0.4	2.9	3.3	1.0	0.7	0.6	0.3	0.9	16.1	0	0	-1.1
201	
Willy Hernangomez
NOP	27	31	12	19	16.3	8.9	3.4	6.4	53.3	0.1	0.2	42.9	2.0	2.7	74.7	2.6	4.2	6.9	1.3	1.0	0.4	0.3	1.9	20.1	5	0	-1.9
202	
Jae Crowder
PHX	31	48	40	8	28.2	8.9	3.1	7.8	39.5	1.8	5.2	33.7	1.0	1.2	81.0	0.5	4.8	5.3	1.5	0.8	1.3	0.5	2.4	21.9	1	0	6.0
203	
Nicolas Batum
LAC	33	40	21	19	24.8	8.8	3.2	6.6	48.7	2.0	4.7	41.8	0.4	0.6	66.7	0.5	4.0	4.5	1.5	0.7	1.0	0.7	1.4	20.9	0	0	-2.1
204	
Daniel Gafford
WAS	23	49	23	26	20.4	8.8	3.7	5.6	67.3	0.0	0.0	0.0	1.3	1.8	75.0	2.3	3.7	6.0	1.0	0.9	0.4	1.5	2.4	22.3	6	0	-2.9
205	
Duane Washington Jr.
IND	21	28	7	21	19.8	8.8	3.3	8.6	37.8	1.5	4.4	34.1	0.8	1.0	75.9	0.1	1.8	1.8	1.9	1.0	0.5	0.0	1.4	14.4	0	0	-4.4
206	
Bones Hyland
DEN	21	46	27	19	18.0	8.8	3.0	8.0	36.9	1.7	5.0	34.6	1.1	1.3	88.1	0.2	2.6	2.7	2.0	1.2	0.5	0.3	2.1	16.1	1	0	0.3
207	
Alperen Sengun
HOU	19	50	13	37	18.7	8.7	3.1	6.4	48.1	0.4	1.3	27.7	2.2	3.2	69.8	1.7	3.1	4.8	2.5	2.0	0.8	0.9	2.9	21.4	3	0	-4.2
208	
Hassan Whiteside
UTA	32	46	29	17	18.5	8.7	3.5	5.5	63.0	0.0	0.0	0.0	1.7	2.6	65.3	2.5	5.3	7.8	0.4	0.9	0.3	1.5	3.0	23.2	9	0	3.8
209	
Tre Mann
OKC	21	45	14	31	20.0	8.7	3.2	8.3	38.3	1.4	3.8	36.5	0.9	1.2	75.0	0.3	1.9	2.2	1.0	0.8	0.7	0.2	1.7	14.6	0	0	-2.5
210	
Jaxson Hayes
NOP	21	47	16	31	17.0	8.7	3.3	5.1	64.7	0.1	0.6	26.9	2.0	2.6	76.7	1.4	2.5	3.9	0.5	0.7	0.4	0.7	2.3	16.7	1	0	-1.5
211	
Onyeka Okongwu
ATL	21	26	13	13	21.5	8.7	3.5	4.9	71.9	0.0	0.0	0.0	1.6	2.2	73.2	2.2	3.3	5.5	1.1	1.2	0.7	1.4	3.2	21.9	0	0	3.3
212	
Isaiah Thomas
DAL	33	5	0	5	22.9	8.6	3.0	9.4	31.9	1.0	5.0	20.0	1.6	2.2	72.7	0.2	1.4	1.6	2.0	1.0	0.0	0.4	2.4	13.7	0	0	-4.8
212	
Kenyon Martin Jr.
HOU	21	55	15	40	20.0	8.6	3.5	6.6	52.6	0.6	1.9	31.4	1.0	1.6	64.8	1.1	2.7	3.9	1.3	0.8	0.4	0.5	1.3	17.2	1	0	-2.9
214	
Bismack Biyombo
PHX	29	17	17	0	18.1	8.5	3.5	5.6	61.5	0.0	0.0	0.0	1.6	3.0	52.9	2.7	3.6	6.4	0.8	0.8	0.5	0.8	2.3	20.7	5	0	4.4
215	
P.J. Tucker
MIA	36	52	33	19	28.6	8.5	3.2	6.4	49.5	1.4	3.1	45.0	0.8	1.0	72.2	1.5	4.1	5.5	2.1	1.0	0.8	0.2	2.4	20.3	4	0	4.1
216	
Mitchell Robinson
NYK	23	53	23	30	25.4	8.4	3.6	4.7	76.2	0.0	0.0	0.0	1.3	2.5	51.9	3.9	4.9	8.7	0.4	0.8	0.7	1.7	2.7	25.8	13	0	-0.6
217	
Amir Coffey
LAC	24	48	21	27	22.2	8.4	2.8	6.1	45.9	1.4	3.6	38.0	1.5	1.6	88.6	0.5	2.5	3.0	1.6	0.6	0.5	0.2	1.3	16.0	0	0	-0.2
218	
Otto Porter Jr.
GSW	28	48	36	12	21.6	8.4	3.2	6.7	47.4	1.5	3.7	39.1	0.6	0.8	75.7	1.0	4.2	5.2	1.5	0.5	1.1	0.5	1.4	21.1	1	0	4.8
218	
T.J. McConnell
IND	29	24	9	15	24.2	8.4	3.8	7.5	50.3	0.3	1.0	28.0	0.5	0.6	80.0	0.8	2.5	3.3	4.8	1.2	1.0	0.4	1.8	22.6	1	0	-2.4
220	
Lance Stephenson
IND	31	30	8	22	18.1	8.4	3.3	7.1	45.8	0.5	2.0	24.6	1.3	1.7	80.0	0.3	2.7	3.0	3.7	1.6	0.5	0.1	1.9	17.6	2	0	-0.4
221	
Alex Caruso
CHI	27	28	19	9	27.7	8.4	2.8	6.5	42.9	1.1	3.1	34.5	1.7	2.1	81.4	0.9	3.0	3.9	3.9	1.4	1.9	0.4	2.4	24.4	1	0	5.0
222	
Isaiah Stewart
DET	20	50	11	39	26.0	8.3	3.6	7.0	52.3	0.1	0.5	12.5	1.0	1.4	66.7	3.1	5.4	8.4	1.1	1.3	0.3	1.1	2.9	23.2	8	0	-6.3
223	
Jordan Nwora
MIL	23	46	24	22	19.7	8.3	3.2	7.8	41.0	1.5	4.0	36.8	0.4	0.5	78.3	0.7	3.0	3.7	1.0	1.0	0.5	0.3	1.2	15.6	2	0	-1.8
224	
Chuma Okeke
ORL	23	49	12	37	23.9	8.2	3.0	7.9	38.1	1.5	4.8	30.8	0.7	0.9	83.7	0.7	4.0	4.7	1.6	0.8	1.4	0.6	1.3	21.4	2	0	-5.1
225	
Reggie Bullock
DAL	30	49	29	20	25.3	8.2	2.8	6.8	41.5	1.9	5.2	36.3	0.6	0.7	85.7	0.4	3.0	3.4	1.0	0.5	0.5	0.1	1.4	15.2	0	0	4.1
226	
Ayo Dosunmu
CHI	22	54	34	20	25.9	8.1	3.2	6.2	52.3	0.9	2.3	40.7	0.8	1.1	67.7	0.3	2.5	2.8	3.1	1.2	0.7	0.4	2.2	18.1	4	0	-0.3
227	
DeMarcus Cousins
DEN	31	25	19	6	15.7	8.1	2.8	6.8	41.4	0.7	2.6	27.3	1.8	2.3	77.6	1.6	4.3	5.9	1.1	1.4	0.8	0.4	2.8	19.2	2	0	1.3
228	
Daniel Theis
BOS	29	28	5	23	22.1	8.1	3.1	6.5	48.1	0.9	2.9	30.0	1.0	1.4	67.5	1.1	3.9	5.1	0.8	1.1	0.5	0.8	2.4	17.9	2	0	-7.2
228	
Naz Reid
MIN	22	56	29	27	15.9	8.1	2.9	6.3	46.9	0.8	2.1	35.0	1.5	2.0	73.9	1.4	2.5	3.9	0.9	1.0	0.4	1.0	2.1	17.4	2	0	-1.8
230	
Tyus Jones
MEM	25	53	37	16	20.7	8.1	3.2	7.0	46.1	0.9	2.5	35.8	0.7	0.8	86.7	0.2	2.2	2.5	4.2	0.7	0.9	0.0	0.4	19.5	0	0	2.6
231	
Cory Joseph
DET	30	47	11	36	24.4	8.1	2.8	6.2	45.2	1.0	2.4	43.2	1.4	1.7	85.0	0.4	2.1	2.5	3.9	1.4	0.7	0.3	2.2	18.3	0	0	-3.4
232	
Thomas Bryant
WAS	24	16	5	11	17.3	8.1	3.1	6.1	51.5	0.6	1.8	31.0	1.3	1.5	83.3	1.4	2.6	4.0	0.9	0.6	0.4	0.6	1.7	16.7	0	0	-4.5
233	
Brook Lopez
MIL	33	1	1	0	28.2	8.0	3.0	9.0	33.3	2.0	4.0	50.0	0.0	0.0	0.0	2.0	3.0	5.0	0.0	0.0	1.0	3.0	3.0	26.0	0	0	0.0
233	
D.J. Wilson
TOR	26	3	1	2	15.9	8.0	2.7	3.7	72.7	0.0	0.7	0.0	2.7	3.3	80.0	0.3	4.3	4.7	1.3	0.7	1.7	0.3	1.7	20.9	0	0	-5.0
233	
Goran Dragic
TOR	35	5	1	4	17.9	8.0	2.6	6.8	38.2	0.8	2.8	28.6	2.0	2.0	100	0.4	2.4	2.8	1.8	0.2	1.0	0.2	1.6	17.5	0	0	-4.4
233	
Malik Newman
CLE	24	1	0	1	7.7	8.0	3.0	5.0	60.0	0.0	1.0	0.0	2.0	2.0	100	0.0	1.0	1.0	1.0	1.0	0.0	0.0	0.0	9.7	0	0	1.0
233	
Mike Muscala
OKC	30	43	15	28	13.8	8.0	2.6	5.8	45.6	1.6	3.8	42.9	1.1	1.3	84.2	0.5	2.5	3.0	0.5	0.3	0.4	0.6	1.3	15.1	0	0	0.5
238	
Cody Martin
CHA	26	49	27	22	27.2	8.0	2.9	6.5	45.4	1.0	2.4	41.0	1.1	1.7	67.1	1.2	3.0	4.2	2.6	0.9	1.3	0.5	1.7	21.5	0	0	0.4
239	
Jonathan Kuminga
GSW	19	47	33	14	14.5	8.0	2.9	5.7	51.1	0.6	1.9	32.2	1.5	2.3	65.5	0.6	2.2	2.8	0.7	0.9	0.4	0.2	1.9	13.3	1	0	0.4
240	
Maxi Kleber
DAL	30	42	25	17	25.3	8.0	2.7	6.2	43.5	1.7	4.5	37.2	0.9	1.1	77.1	1.3	4.7	6.0	1.1	0.7	0.5	1.0	2.3	20.7	2	0	2.0
241	
Draymond Green
GSW	31	34	28	6	29.9	7.9	3.2	5.9	53.7	0.4	1.2	28.6	1.2	2.0	59.7	1.1	6.4	7.6	7.4	3.1	1.4	1.2	2.8	32.6	3	1	5.8
242	
Damion Lee
GSW	29	47	33	14	20.3	7.8	2.9	6.4	45.2	1.2	3.3	37.0	0.9	1.0	85.1	0.4	2.7	3.1	0.9	0.6	0.7	0.1	1.4	14.6	0	0	1.0
243	
Raul Neto
WAS	29	49	24	25	20.3	7.8	3.0	6.6	45.5	0.4	1.8	24.4	1.3	1.7	74.7	0.2	1.8	2.0	2.8	1.2	0.8	0.0	1.6	15.5	0	0	-1.1
244	
Robin Lopez
ORL	33	27	6	21	17.3	7.7	3.4	6.0	57.1	0.1	0.2	40.0	0.9	1.5	57.5	2.0	1.6	3.6	1.6	1.3	0.0	0.6	1.9	15.1	3	0	-2.1
245	
Jaylen Nowell
MIN	22	42	25	17	14.6	7.7	3.0	6.3	46.6	0.9	2.3	37.1	1.0	1.3	74.5	0.4	1.6	2.0	2.1	0.5	0.5	0.1	1.1	14.7	0	0	-0.2
246	
Deni Avdija
WAS	21	58	27	31	23.4	7.7	2.8	6.4	44.1	0.9	2.9	30.7	1.2	1.6	76.7	0.6	4.4	5.1	1.7	0.8	0.8	0.6	2.3	19.6	2	0	0.6
247	
Markieff Morris
MIA	32	10	7	3	18.7	7.7	3.2	7.0	45.7	0.8	2.2	36.4	0.5	0.5	100	1.3	1.5	2.8	1.4	1.2	0.3	0.1	2.2	13.2	0	0	2.7
248	
Javonte Green
CHI	28	42	30	12	24.2	7.6	2.8	5.2	54.6	0.5	1.5	34.9	1.5	1.8	82.4	1.6	2.8	4.4	1.1	0.6	0.9	0.5	2.1	18.3	0	0	2.4
249	
Robert Covington
LAC	31	55	24	31	28.5	7.6	2.7	6.8	39.1	1.6	4.6	34.0	0.7	0.9	81.6	0.9	4.6	5.5	1.4	1.2	1.5	1.2	2.7	23.4	1	0	-0.6
250	
Royce O'Neale
UTA	28	54	34	20	31.4	7.6	2.7	5.6	49.0	1.5	3.7	40.6	0.6	0.8	79.5	0.8	4.2	4.9	2.5	0.9	1.3	0.5	2.4	21.7	2	0	3.7
251	
Moritz Wagner
ORL	24	45	10	35	12.5	7.6	2.6	5.3	50.0	0.9	2.8	33.1	1.4	1.8	79.7	0.5	2.0	2.4	1.1	0.7	0.3	0.2	1.8	13.0	0	0	-1.6
252	
Kyle Anderson
MEM	28	47	31	16	21.7	7.6	3.0	7.0	43.1	0.6	1.7	33.3	1.0	1.6	63.6	0.9	4.3	5.2	2.7	1.0	1.1	0.6	1.5	22.0	2	0	0.4
253	
Donte DiVincenzo
SAC	25	20	13	7	20.8	7.5	2.4	7.3	32.2	1.3	4.6	27.2	1.6	1.8	88.6	1.0	2.7	3.7	2.1	1.5	0.9	0.2	1.4	16.6	0	0	-1.6
254	
Precious Achiuwa
TOR	22	48	30	18	23.1	7.5	3.1	7.3	42.3	0.4	1.2	30.5	0.9	1.6	57.9	2.2	4.7	6.9	1.1	1.0	0.5	0.6	2.0	19.7	5	0	0.5
255	
Grant Williams
BOS	23	55	32	23	23.2	7.5	2.5	5.2	49.0	1.6	3.5	44.6	0.8	0.9	89.8	0.8	2.5	3.2	1.1	0.7	0.5	0.7	2.3	15.9	0	0	0.7
256	
Kenrich Williams
OKC	27	49	17	32	21.9	7.4	3.0	6.5	46.1	0.8	2.5	33.9	0.6	1.1	54.5	1.5	3.0	4.5	2.2	0.9	0.9	0.2	1.7	18.5	0	0	0.5
257	
Isaiah Hartenstein
LAC	23	47	25	22	16.1	7.4	3.1	5.0	62.1	0.1	0.2	44.4	1.1	1.7	66.7	1.5	2.9	4.4	1.9	1.1	0.7	1.1	2.4	20.0	1	0	3.4
258	
Josh Christopher
HOU	20	50	13	37	16.5	7.4	2.8	6.2	45.2	0.8	2.4	32.2	1.0	1.3	77.3	0.7	1.4	2.1	1.7	1.4	0.8	0.1	1.1	14.1	0	0	-3.6
259	
Dwight Powell
DAL	30	59	35	24	20.6	7.4	2.8	4.3	64.9	0.2	0.5	38.7	1.6	2.2	74.4	2.0	2.4	4.4	1.1	0.8	0.5	0.4	2.5	16.3	0	0	0.6
260	
Landry Shamet
PHX	24	45	37	8	19.8	7.4	2.4	6.4	37.0	1.6	4.5	35.3	1.0	1.2	85.2	0.2	1.7	1.9	1.6	0.5	0.5	0.1	1.2	13.1	0	0	2.6
261	
Wes Iwundu
ATL	27	3	2	1	27.4	7.3	2.7	6.0	44.4	1.0	1.7	60.0	1.0	1.3	75.0	1.0	3.3	4.3	0.0	0.3	0.3	0.0	2.7	13.2	0	0	0.0
262	
Obi Toppin
NYK	23	54	23	31	15.1	7.3	2.8	5.6	51.0	0.4	1.7	22.6	1.2	1.6	75.0	0.9	2.6	3.6	0.9	0.8	0.3	0.4	1.4	14.2	1	0	2.3
263	
Ziaire Williams
MEM	20	40	26	14	21.5	7.3	2.9	6.5	44.1	1.1	3.7	28.4	0.5	0.6	76.0	0.3	1.5	1.8	0.9	0.6	0.6	0.2	2.0	12.3	0	0	0.8
264	
Jeremy Lamb
SAC	29	40	16	24	16.1	7.3	2.2	6.0	37.2	1.1	3.1	33.6	1.8	2.1	84.3	0.4	2.1	2.5	1.4	0.6	0.6	0.4	1.1	14.7	0	0	1.8
265	
Joe Ingles
POR	34	45	28	17	24.9	7.2	2.6	6.3	40.4	1.7	5.0	34.7	0.4	0.5	77.3	0.3	2.6	2.9	3.5	1.0	0.5	0.1	1.8	16.8	0	0	4.1
266	
Oshae Brissett
IND	23	47	14	33	20.3	7.2	2.5	6.1	40.8	0.9	2.8	33.3	1.3	2.0	63.4	1.5	3.2	4.7	0.8	0.8	0.6	0.4	1.4	16.2	2	0	-2.5
267	
Jarred Vanderbilt
MIN	22	54	29	25	26.0	7.2	3.0	5.0	59.6	0.0	0.2	18.2	1.1	1.7	65.6	3.1	5.7	8.8	1.4	1.0	1.5	0.7	2.5	25.4	7	0	2.4
267	
R.J. Hampton
ORL	21	42	6	36	19.4	7.2	2.5	6.7	38.2	0.9	2.5	36.4	1.1	1.9	60.8	0.3	2.6	2.9	2.4	1.3	0.7	0.2	1.5	15.6	0	0	-6.7
269	
Aaron Wiggins
OKC	23	34	9	25	22.4	7.1	2.6	5.7	46.4	0.8	2.6	30.7	1.1	1.5	70.6	0.9	2.5	3.4	1.1	0.8	0.7	0.2	2.0	14.9	0	0	-2.6
270	
Jeremiah Robinson-Earl
OKC	21	44	13	31	23.0	7.1	2.7	6.6	40.1	1.1	3.4	33.3	0.7	1.0	71.4	1.6	4.2	5.8	1.0	0.8	0.6	0.3	1.7	17.6	3	0	-5.3
271	
Ty Jerome
OKC	24	48	15	33	16.7	7.1	2.6	6.8	37.8	1.1	3.9	29.0	0.8	1.0	80.9	0.4	1.2	1.6	2.3	0.8	0.6	0.1	1.5	13.9	0	0	-0.1
272	
George Hill
MIL	35	41	27	14	25.5	7.0	2.5	5.7	43.6	0.9	2.9	31.6	1.2	1.2	96.0	0.9	2.4	3.2	2.5	0.9	0.8	0.1	1.4	16.6	0	0	7.7
273	
Steven Adams
MEM	28	56	37	19	26.1	7.0	2.8	5.0	54.6	0.0	0.0	0.0	1.5	2.7	55.6	4.5	5.1	9.6	3.2	1.6	0.9	0.7	1.9	26.4	11	0	4.7
274	
Sekou Doumbouya
LAL	21	2	0	2	8.2	7.0	2.5	4.0	62.5	0.5	1.0	50.0	1.5	2.0	75.0	1.0	2.0	3.0	0.0	1.0	1.5	1.0	0.5	17.1	0	0	12.0
275	
Isaiah Roby
OKC	24	22	4	18	15.1	7.0	2.8	5.4	51.3	0.6	1.5	40.6	0.8	1.2	66.7	1.4	2.3	3.7	0.7	0.8	0.6	0.5	1.9	14.7	1	0	-1.6
276	
Josh Jackson
SAC	25	40	8	32	17.8	6.9	2.6	6.3	40.7	0.8	2.9	26.1	1.0	1.4	71.4	0.4	2.7	3.1	1.2	1.0	0.5	0.5	1.8	14.4	0	0	-3.7
277	
Larry Nance Jr.
NOP	29	37	14	23	23.2	6.9	2.8	5.4	51.5	0.5	1.7	30.6	0.9	1.3	65.3	1.6	4.1	5.6	2.0	0.7	1.0	0.4	1.8	20.0	0	0	-1.4
278	
Gary Payton II
GSW	29	56	40	16	16.6	6.8	2.8	4.6	61.9	0.6	1.7	36.2	0.5	0.9	58.0	1.0	2.5	3.5	0.8	0.5	1.4	0.3	1.6	16.8	1	0	2.4
279	
Lou Williams
ATL	35	40	23	17	14.7	6.8	2.4	6.1	39.7	0.8	2.1	35.7	1.3	1.4	89.3	0.3	1.3	1.6	2.0	0.8	0.5	0.1	0.9	12.6	0	0	0.3
280	
Zeke Nnaji
DEN	21	39	23	16	16.7	6.8	2.4	4.5	54.0	0.9	1.9	48.7	1.0	1.6	61.3	1.4	2.3	3.7	0.4	0.5	0.3	0.3	1.9	13.2	0	0	-1.0
281	
Corey Kispert
WAS	22	53	23	30	19.8	6.8	2.5	5.8	43.0	1.1	3.4	32.2	0.7	0.8	88.4	0.7	1.8	2.5	0.9	0.6	0.4	0.2	1.0	12.5	0	0	1.4
282	
Jalen Smith
IND	21	33	24	9	14.1	6.8	2.5	5.1	48.5	0.5	1.6	28.8	1.3	1.8	75.9	1.8	3.1	5.0	0.3	0.8	0.3	0.6	1.9	15.1	4	0	1.0
283	
Blake Griffin
BKN	32	48	25	23	18.2	6.7	2.5	6.0	42.0	0.6	2.7	24.0	1.1	1.5	72.9	1.2	3.2	4.4	2.0	0.5	0.5	0.3	1.8	16.9	1	0	-1.5
284	
Mason Plumlee
CHA	31	51	26	25	25.5	6.7	2.9	4.6	63.1	0.0	0.0	0.0	0.9	2.3	37.9	2.6	5.4	8.0	3.1	1.4	0.9	0.6	3.1	24.1	5	0	-1.0
285	
Brandon Boston Jr.
LAC	20	41	21	20	15.1	6.7	2.4	6.4	37.1	0.7	2.3	29.8	1.2	1.4	84.7	0.3	2.0	2.3	0.9	0.6	0.5	0.3	0.9	12.5	0	0	-1.3
286	
Dewayne Dedmon
MIA	32	50	32	18	16.4	6.6	2.6	4.5	58.0	0.3	0.6	51.6	1.1	1.4	77.8	1.8	4.3	6.1	0.7	1.1	0.4	0.5	2.4	16.9	3	0	1.8
287	
Avery Bradley
LAL	31	49	24	25	23.8	6.6	2.5	6.1	41.1	1.4	3.6	38.1	0.2	0.3	85.7	0.6	1.8	2.3	0.8	0.7	0.9	0.2	1.9	13.3	0	0	-2.5
288	
Serge Ibaka
MIL	32	38	18	20	16.2	6.6	2.7	5.5	48.8	0.7	1.8	37.7	0.6	0.8	68.8	1.1	3.3	4.4	1.0	0.9	0.2	0.7	1.7	15.3	2	0	-1.3
289	
Patrick Williams
CHI	20	5	4	1	24.9	6.6	2.6	4.6	56.5	0.6	1.2	50.0	0.8	0.8	100	0.2	2.0	2.2	0.6	0.4	0.6	0.4	1.8	12.7	0	0	2.4
290	
Jalen McDaniels
CHA	24	39	23	16	17.6	6.6	2.5	5.1	49.2	0.8	2.2	37.2	0.8	1.2	67.4	0.7	2.7	3.5	1.1	0.8	0.5	0.4	1.8	14.4	1	0	1.1
291	
Torrey Craig
PHX	31	54	20	34	20.2	6.5	2.6	5.5	46.3	0.9	2.7	33.6	0.5	0.7	75.0	1.1	2.7	3.9	1.1	0.8	0.5	0.4	1.9	14.7	2	0	-3.4
292	
BJ Johnson
ORL	26	4	2	2	16.1	6.5	2.8	6.3	44.0	1.0	2.5	40.0	0.0	0.0	0.0	1.5	2.3	3.8	0.0	0.0	0.0	0.3	1.0	11.8	0	0	-3.0
292	
Keifer Sykes
IND	28	20	3	17	19.3	6.5	2.5	6.8	36.0	1.0	3.3	30.8	0.6	0.7	85.7	0.4	1.5	1.8	2.2	1.3	0.4	0.2	1.9	12.3	0	0	-2.6
294	
Quentin Grimes
NYK	21	39	17	22	17.9	6.5	2.3	5.4	42.1	1.7	4.3	39.8	0.3	0.4	64.7	0.6	1.4	2.0	1.0	0.6	0.7	0.3	1.5	12.4	0	0	-1.4
295	
Bruce Brown
BKN	25	50	24	26	21.3	6.5	2.7	5.5	48.6	0.3	0.8	31.7	0.8	1.1	73.7	1.2	3.1	4.3	1.3	0.6	1.0	0.5	2.3	17.6	0	0	-2.5
296	
Stanley Johnson
LAL	25	24	10	14	22.0	6.5	2.5	5.1	48.0	0.7	2.1	31.4	0.9	1.3	67.7	0.7	2.5	3.2	1.4	0.5	0.7	0.4	2.8	15.2	0	0	-0.5
297	
Kessler Edwards
BKN	21	28	10	18	24.6	6.4	2.5	6.4	39.4	1.1	3.3	33.0	0.3	0.4	80.0	1.0	3.2	4.3	0.6	1.0	0.8	0.6	2.0	15.6	1	0	-2.6
298	
Danny Green
PHI	34	40	22	18	23.0	6.4	2.2	5.6	39.9	1.8	4.7	37.6	0.2	0.3	90.0	0.5	1.9	2.4	1.0	0.9	1.0	0.7	1.7	15.2	0	0	2.5
299	
Derrick Walton Jr.
DET	26	3	1	2	36.1	6.3	2.0	8.7	23.1	1.0	4.3	23.1	1.3	1.3	100	0.7	2.7	3.3	7.0	3.7	2.3	1.3	2.7	28.2	0	0	-1.0
299	
Kelan Martin
IND	26	27	12	15	16.4	6.3	2.6	6.2	41.7	0.8	2.7	29.7	0.3	0.5	69.2	0.6	1.4	2.0	0.8	0.5	0.5	0.3	1.3	11.8	0	0	-1.7
301	
Kevon Looney
GSW	26	59	42	17	21.4	6.3	2.6	4.8	54.8	0.0	0.0	0.0	1.1	1.7	63.1	2.7	4.8	7.6	1.7	0.9	0.6	0.7	2.7	21.1	4	0	2.6
302	
Damian Jones
SAC	26	37	12	25	15.3	6.3	2.4	3.8	63.8	0.1	0.4	35.7	1.3	1.8	72.7	1.4	2.5	3.9	1.1	1.0	0.3	0.6	2.1	14.5	1	0	-2.0
303	
Tristan Thompson
IND	30	34	12	22	15.3	6.3	2.6	5.1	50.9	0.0	0.0	100	1.0	2.0	51.5	2.3	2.9	5.3	0.6	1.0	0.3	0.4	1.7	14.7	1	0	-2.0
304	
JaMychal Green
DEN	31	45	23	22	14.9	6.3	2.3	5.0	45.1	0.6	2.2	26.5	1.2	1.4	86.9	1.0	2.7	3.7	0.8	0.9	0.7	0.4	2.2	14.4	0	0	-2.3
305	
Andre Drummond
BKN	28	52	30	22	18.6	6.3	2.7	5.1	53.0	0.0	0.0	0.0	0.9	1.8	49.5	2.8	6.2	9.0	2.0	1.6	1.2	0.9	2.5	24.7	8	0	0.1
306	
Hassani Gravett
ORL	25	8	2	6	21.4	6.3	2.3	4.8	47.4	1.4	3.3	42.3	0.4	0.5	75.0	0.1	2.5	2.6	2.5	1.1	0.6	0.1	1.6	14.3	0	0	-0.3
307	
Alex Len
SAC	28	33	13	20	16.9	6.2	2.5	4.7	52.9	0.2	0.6	31.6	1.1	1.7	64.3	1.5	3.2	4.6	1.2	1.2	0.4	0.8	2.7	15.8	2	0	-2.6
308	
Aaron Holiday
PHX	25	44	21	23	16.0	6.2	2.5	5.2	48.0	0.6	1.7	37.0	0.6	0.8	80.0	0.2	1.4	1.7	2.0	1.0	0.6	0.2	1.5	12.5	0	0	-1.6
309	
Chaundee Brown Jr.
ATL	23	5	1	4	20.7	6.2	2.0	6.4	31.3	1.2	3.6	33.3	1.0	1.2	83.3	0.2	3.0	3.2	0.8	0.2	0.4	0.0	1.4	12.2	0	0	-4.0
310	
Killian Hayes
DET	20	46	11	35	24.4	6.2	2.3	6.4	36.1	0.7	2.5	27.4	0.9	1.1	81.6	0.5	2.4	2.9	4.1	1.7	1.0	0.5	2.7	18.6	2	0	-7.0
311	
Armoni Brooks
HOU	23	41	11	30	16.8	6.2	2.1	6.1	34.7	1.6	5.2	30.0	0.4	0.5	84.2	0.3	1.7	2.0	1.2	0.6	0.5	0.2	1.5	11.9	0	0	-1.7
312	
Austin Reaves
LAL	23	39	22	17	21.3	6.2	2.1	4.3	48.8	0.8	2.4	32.6	1.2	1.4	82.1	0.6	2.1	2.6	1.3	0.5	0.3	0.3	1.4	12.4	0	0	3.2
313	
Omer Yurtseven
MIA	23	42	28	14	14.1	6.2	2.7	5.0	53.8	0.0	0.2	14.3	0.8	1.3	63.0	1.7	4.2	6.0	1.0	0.9	0.4	0.4	1.7	16.4	8	0	1.2
314	
Nemanja Bjelica
GSW	33	53	37	16	15.3	6.2	2.3	5.0	45.3	0.8	2.3	33.9	0.8	1.2	68.2	0.8	3.1	3.9	1.9	1.1	0.6	0.3	1.7	15.3	2	0	1.9
315	
Thaddeus Young
TOR	33	28	11	17	14.4	6.1	2.9	5.1	57.0	0.0	0.3	0.0	0.4	0.8	43.5	1.6	2.1	3.6	2.2	1.2	0.9	0.3	1.5	16.1	0	0	-0.7
315	
Wayne Ellington
LAL	34	35	13	22	18.9	6.1	2.1	5.3	39.2	1.9	4.8	38.5	0.1	0.1	80.0	0.3	1.5	1.7	0.7	0.4	0.5	0.1	1.0	10.7	0	0	-1.9
317	
Derrick Jones Jr.
CHI	25	34	24	10	17.5	6.1	2.2	4.1	55.1	0.5	1.2	40.0	1.2	1.4	81.6	1.3	2.1	3.4	0.6	0.5	0.5	0.7	2.4	14.0	0	0	1.4
318	
Day'Ron Sharpe
BKN	20	30	12	18	12.4	6.1	2.7	4.7	57.1	0.0	0.1	25.0	0.7	1.2	56.8	2.6	2.5	5.1	0.5	1.0	0.3	0.5	2.0	14.4	2	0	2.0
319	
Austin Rivers
DEN	29	44	27	17	21.0	6.0	2.2	5.3	41.3	1.2	3.5	34.6	0.4	0.6	70.4	0.3	1.3	1.7	1.1	0.9	0.7	0.1	1.6	11.4	0	0	0.2
320	
Facundo Campazzo
DEN	30	54	31	23	20.3	6.0	1.9	5.1	37.8	1.1	3.3	32.0	1.1	1.3	80.6	0.4	1.6	1.9	3.7	1.2	1.1	0.4	2.1	17.1	2	0	-4.4
321	
James Johnson
BKN	35	43	21	22	19.3	5.9	2.6	5.3	48.7	0.3	1.3	25.5	0.4	0.9	47.4	1.0	2.6	3.6	2.0	0.8	0.5	0.3	2.5	15.0	1	0	-0.2
322	
Kira Lewis Jr.
NOP	20	24	6	18	14.2	5.9	2.5	6.1	40.4	0.5	2.4	22.4	0.4	0.5	83.3	0.4	1.3	1.6	2.0	1.1	0.5	0.0	0.7	11.3	0	0	-4.5
323	
Eric Paschall
UTA	25	44	28	16	13.3	5.9	2.0	4.1	48.6	0.8	2.0	37.8	1.1	1.5	75.8	0.6	1.5	2.1	0.6	0.6	0.2	0.1	1.0	9.4	0	0	0.8
324	
Davis Bertans
DAL	29	36	17	19	14.8	5.8	1.8	5.2	34.9	1.4	4.4	31.6	0.8	0.9	93.5	0.2	1.6	1.8	0.5	0.4	0.3	0.2	1.6	9.8	0	0	-0.7
325	
Zach Collins
SAS	24	5	3	2	16.4	5.8	2.4	5.4	44.4	0.6	1.4	42.9	0.4	0.8	50.0	1.6	3.6	5.2	2.2	1.6	0.8	0.4	2.2	17.3	0	0	-0.6
326	
DeAndre' Bembry
MIL	27	48	25	23	19.8	5.8	2.5	4.4	56.8	0.3	0.8	41.7	0.4	0.7	60.0	0.8	2.4	3.2	1.3	0.6	1.0	0.5	2.2	15.3	0	0	-0.4
327	
Cassius Stanley
DET	22	9	3	6	17.2	5.8	2.1	5.1	41.3	0.4	1.9	23.5	1.1	1.1	100	0.6	1.6	2.1	0.4	0.7	0.6	0.2	1.9	10.6	0	0	-1.7
328	
Isaiah Jackson
IND	20	20	6	14	9.6	5.8	2.3	4.2	54.2	0.2	0.4	42.9	1.1	1.7	66.7	1.2	1.6	2.8	0.4	0.6	0.6	0.8	1.9	12.9	1	0	-1.1
329	
Taurean Prince
MIN	27	47	25	22	15.3	5.7	2.0	4.5	45.5	1.1	2.7	39.1	0.6	0.8	75.7	0.4	2.0	2.3	0.9	0.7	0.6	0.3	1.4	11.5	0	0	-0.8
330	
Trey Burke
DAL	29	32	17	15	10.8	5.7	2.2	5.3	41.5	0.7	2.2	33.3	0.5	0.5	94.1	0.1	0.8	0.9	1.4	0.7	0.3	0.0	1.0	9.1	0	0	0.1
331	
Matisse Thybulle
PHI	24	43	27	16	26.4	5.6	2.3	4.7	49.0	0.7	2.4	28.6	0.4	0.5	69.6	0.5	1.7	2.3	1.2	0.7	1.8	1.1	2.3	18.1	0	0	-0.5
332	
Dennis Smith Jr.
POR	24	37	15	22	17.3	5.6	2.1	5.1	41.8	0.2	0.7	22.2	1.1	1.7	65.6	0.5	1.8	2.4	3.6	1.4	1.2	0.3	1.4	17.0	0	0	-3.7
333	
Danuel House Jr.
UTA	28	26	8	18	15.5	5.5	1.8	4.6	39.2	0.8	2.4	34.9	1.0	1.3	81.8	0.3	2.2	2.5	1.2	0.9	0.4	0.3	1.0	11.6	0	0	-1.1
333	
Greg Monroe
MIL	31	10	5	5	15.0	5.5	2.4	4.4	54.5	0.0	0.0	0.0	0.7	1.4	50.0	2.3	2.9	5.2	1.4	0.9	0.6	0.7	1.6	16.8	0	0	0.5
333	
Nik Stauskas
MIA	28	2	1	1	11.9	5.5	1.5	4.0	37.5	1.0	2.0	50.0	1.5	2.0	75.0	0.5	1.0	1.5	0.5	0.0	0.0	0.0	0.5	8.1	0	0	8.0
333	
Xavier Moon
LAC	27	6	3	3	13.9	5.5	2.3	5.7	41.2	0.5	1.7	30.0	0.3	0.5	66.7	0.2	1.3	1.5	1.7	0.5	0.8	0.2	0.7	12.3	0	0	-2.3
337	
Dean Wade
CLE	25	43	24	19	19.4	5.5	2.0	4.3	46.2	1.1	2.9	37.6	0.4	0.6	63.0	0.7	2.5	3.1	1.2	0.4	0.6	0.1	1.7	12.7	1	0	0.5
338	
Aleksej Pokusevski
OKC	20	42	14	28	16.6	5.5	2.3	5.9	38.6	0.7	2.6	27.3	0.2	0.4	56.3	1.0	3.4	4.3	1.2	1.2	0.5	0.6	1.2	14.7	1	0	-1.2
339	
P.J. Dozier
DEN	25	18	9	9	18.9	5.4	2.0	5.5	36.4	0.8	2.7	31.3	0.6	0.7	76.9	0.8	2.7	3.5	1.6	0.7	0.6	0.3	1.8	14.1	0	0	-5.0
340	
Garrett Temple
NOP	35	55	21	34	19.2	5.4	1.9	5.1	37.9	1.0	3.2	31.6	0.5	0.7	68.3	0.5	2.0	2.5	1.3	0.7	0.7	0.4	1.5	13.1	0	0	-6.1
341	
D.J. Augustin
HOU	34	34	9	25	15.0	5.4	1.6	4.0	40.4	1.1	2.8	40.6	1.0	1.1	86.8	0.2	1.0	1.2	2.2	1.3	0.3	0.0	0.5	9.6	0	0	-3.5
342	
Brandon Goodwin
CLE	26	16	11	5	15.9	5.3	2.1	5.3	38.8	0.8	2.0	37.5	0.4	0.9	50.0	0.4	1.9	2.4	3.1	1.1	1.0	0.0	1.4	14.6	0	0	0.1
343	
Keita Bates-Diop
SAS	26	45	17	28	16.3	5.3	2.2	4.3	50.3	0.3	0.9	33.3	0.7	1.0	70.5	1.0	2.9	3.9	0.6	0.7	0.5	0.3	1.0	12.6	0	0	0.6
344	
Justise Winslow
POR	25	43	23	20	15.5	5.3	2.1	4.7	45.1	0.3	1.2	22.0	0.8	1.2	62.3	0.9	3.2	4.1	1.7	1.0	0.7	0.5	1.3	15.5	2	0	0.9
344	
Svi Mykhailiuk
TOR	24	43	23	20	15.2	5.3	1.9	4.8	40.1	0.8	2.7	30.4	0.6	0.7	84.4	0.5	1.6	2.1	0.9	0.7	0.6	0.1	1.1	10.5	0	0	-2.0
346	
Derrick Favors
OKC	30	38	15	23	16.7	5.3	2.4	4.7	51.7	0.1	0.4	12.5	0.4	0.6	60.9	1.5	3.2	4.8	0.6	0.2	0.4	0.3	1.6	13.8	1	0	-3.6
347	
Luka Garza
DET	23	29	3	26	11.7	5.2	1.9	4.3	44.4	0.5	1.4	34.1	0.9	1.4	64.3	1.7	1.3	3.0	0.6	0.6	0.3	0.1	1.7	10.3	1	0	-1.7
348	
Cody Zeller
POR	29	27	13	14	13.1	5.2	1.9	3.3	56.7	0.0	0.1	0.0	1.4	1.8	77.6	1.9	2.8	4.6	0.8	0.7	0.3	0.2	2.1	12.8	0	0	-1.0
349	
Dwight Howard
LAL	36	42	18	24	14.4	5.1	1.9	3.0	61.4	0.1	0.2	66.7	1.3	2.1	62.1	1.9	3.5	5.4	0.5	0.8	0.7	0.6	2.0	15.4	2	0	-0.5
350	
Ish Smith
WAS	33	41	19	22	14.6	5.1	2.3	5.3	42.5	0.3	0.7	40.0	0.3	0.5	63.2	0.3	1.3	1.6	2.9	1.0	0.6	0.3	1.1	13.1	0	0	-2.1
351	
David Duke Jr.
BKN	22	19	9	10	16.4	5.1	1.9	5.2	36.7	0.5	1.8	25.7	0.8	1.0	84.2	1.6	1.8	3.4	0.8	0.4	0.6	0.4	1.7	13.0	2	0	-0.1
352	
Jose Alvarado
NOP	23	31	12	19	12.8	5.1	1.9	4.5	42.6	0.6	1.8	31.6	0.6	0.9	74.1	0.3	1.2	1.5	2.0	0.5	1.0	0.2	1.3	12.9	0	0	2.4
353	
David Nwaba
HOU	29	38	5	33	13.8	5.1	1.9	4.0	46.7	0.3	1.0	25.6	1.1	1.5	71.9	0.9	2.7	3.7	0.8	0.5	0.6	0.5	1.3	13.5	0	0	-2.6
354	
Maurice Harkless
SAC	28	41	14	27	19.9	5.1	1.9	4.2	45.4	0.7	2.4	30.9	0.5	0.7	71.4	0.3	2.3	2.6	0.5	0.7	0.7	0.6	1.7	11.9	1	0	-1.8
355	
Lamar Stevens
CLE	24	41	28	13	14.3	5.0	2.0	4.3	47.5	0.3	1.1	29.5	0.6	1.0	62.5	0.7	1.5	2.2	0.6	0.5	0.5	0.2	1.4	10.2	0	0	-0.2
356	
James Bouknight
CHA	21	28	13	15	10.6	5.0	1.7	4.9	35.3	0.6	1.8	34.7	1.0	1.1	87.1	0.8	1.0	1.7	0.8	0.5	0.3	0.0	1.0	8.7	0	0	-1.6
356	
Juwan Morgan
TOR	24	1	0	1	27.4	5.0	2.0	3.0	66.7	1.0	2.0	50.0	0.0	0.0	0.0	2.0	2.0	4.0	1.0	0.0	0.0	0.0	3.0	11.3	0	0	-25.0
356	
Khem Birch
TOR	29	31	19	12	18.7	5.0	1.9	3.8	50.8	0.0	0.3	0.0	1.1	1.5	76.1	2.4	2.2	4.5	1.1	0.5	0.8	0.5	1.7	15.3	0	0	1.5
356	
Marquese Chriss
DAL	24	23	17	6	11.1	5.0	2.1	4.4	47.5	0.3	0.9	33.3	0.5	0.8	63.2	1.0	2.5	3.5	0.5	0.7	0.5	0.4	2.1	12.0	0	0	0.5
360	
Goga Bitadze
IND	22	35	12	23	11.8	4.9	1.9	4.1	44.8	0.2	1.3	17.0	1.0	1.6	60.7	1.4	1.5	2.9	0.8	0.8	0.4	0.7	1.8	11.9	1	0	-0.3
361	
Joshua Primo
SAS	19	30	13	17	15.9	4.9	1.7	4.7	36.9	0.8	2.5	32.0	0.6	0.8	76.0	0.6	1.1	1.7	1.4	0.9	0.4	0.5	1.2	10.7	0	0	-1.5
361	
Wesley Matthews
MIL	35	30	19	11	19.2	4.9	1.8	4.4	40.6	1.1	3.2	34.0	0.2	0.3	60.0	0.5	1.3	1.8	0.7	0.4	0.4	0.2	1.9	9.5	0	0	3.6
363	
Saben Lee
DET	22	28	6	22	14.6	4.9	1.6	4.4	37.7	0.4	1.6	27.3	1.2	1.5	76.7	0.4	2.0	2.4	2.3	0.9	0.9	0.4	0.9	14.1	0	0	-2.3
364	
Yuta Watanabe
TOR	27	25	14	11	14.6	4.9	1.7	4.2	39.6	0.8	2.4	35.6	0.7	1.2	56.7	0.6	2.3	2.9	0.6	0.6	0.3	0.5	1.3	10.9	2	0	-2.8
365	
Kyle Guy
MIA	24	15	11	4	11.7	4.9	1.7	4.0	43.3	0.9	2.3	40.0	0.5	0.7	70.0	0.1	0.7	0.9	1.1	0.8	0.5	0.1	0.8	8.4	0	0	-2.2
366	
Tre Jones
SAS	22	46	21	25	13.5	4.8	2.0	4.0	50.0	0.1	0.4	15.0	0.8	0.9	87.8	0.4	1.5	1.8	2.4	0.5	0.4	0.0	0.9	11.5	0	0	-1.0
367	
Udoka Azubuike
UTA	22	15	10	5	11.9	4.8	2.2	2.9	75.0	0.0	0.0	0.0	0.4	0.7	54.5	1.0	3.1	4.1	0.0	0.8	0.1	0.7	1.5	11.4	1	0	1.1
368	
Rajon Rondo
CLE	35	31	14	17	18.3	4.8	1.7	4.8	36.5	0.7	2.3	32.4	0.5	0.7	81.0	0.4	2.6	3.0	4.1	1.8	0.8	0.2	1.5	15.8	1	0	-1.6
369	
John Konchar
MEM	25	52	35	17	18.6	4.8	1.8	3.6	49.5	0.8	1.8	42.1	0.4	0.7	59.5	1.1	3.3	4.4	1.4	0.4	0.7	0.3	1.3	14.7	2	0	1.0
370	
Boban Marjanovic
DAL	33	17	10	7	5.8	4.8	2.1	3.4	63.2	0.1	0.2	33.3	0.5	0.9	50.0	0.4	1.4	1.8	0.1	0.6	0.0	0.1	1.2	6.8	0	0	1.7
371	
Romeo Langford
SAS	22	44	22	22	16.6	4.7	1.8	4.2	42.9	0.7	1.9	34.9	0.5	0.8	58.8	0.7	1.7	2.4	0.4	0.4	0.5	0.4	1.0	10.3	0	0	-0.2
372	
Payton Pritchard
BOS	24	49	29	20	12.3	4.7	1.7	4.5	37.8	1.0	2.7	36.1	0.3	0.3	100	0.3	1.3	1.6	1.7	0.7	0.2	0.1	0.9	9.3	0	0	-0.8
373	
Cameron McGriff
POR	24	3	0	3	15.3	4.7	1.7	4.7	35.7	0.7	2.0	33.3	0.7	0.7	100	2.0	3.0	5.0	1.0	0.0	0.0	0.3	2.3	13.2	0	0	2.7
374	
Drew Eubanks
SAS	25	49	17	32	12.1	4.7	1.7	3.2	52.8	0.0	0.2	12.5	1.2	1.6	74.7	1.3	2.7	4.0	1.0	0.9	0.3	0.6	1.2	12.7	1	0	-1.5
375	
Jock Landale
SAS	26	36	15	21	10.2	4.6	1.8	3.6	48.8	0.6	1.6	35.1	0.6	0.7	84.0	1.1	1.1	2.2	0.9	0.6	0.2	0.3	0.9	9.6	1	0	-0.1
376	
Trevelin Queen
HOU	24	8	1	7	8.6	4.6	1.6	3.6	44.8	1.0	2.8	36.4	0.4	0.4	100	0.6	1.1	1.8	0.4	0.9	0.6	0.0	0.8	8.3	0	0	0.4
377	
Troy Brown Jr.
CHI	22	48	32	16	18.1	4.6	1.8	4.4	40.0	0.7	2.1	33.0	0.4	0.5	76.0	0.7	2.8	3.5	1.1	0.5	0.6	0.1	1.1	12.1	0	0	-1.3
378	
Juan Toscano-Anderson
GSW	28	56	42	14	14.5	4.5	1.8	3.6	49.0	0.4	1.3	30.1	0.6	1.0	59.6	0.5	2.2	2.6	1.9	1.1	0.7	0.3	1.6	12.3	0	0	0.6
379	
Rodney McGruder
DET	30	33	5	28	13.5	4.5	1.7	3.7	45.1	0.9	2.2	39.7	0.3	0.4	71.4	0.5	1.4	1.9	0.8	0.4	0.4	0.1	1.0	9.1	0	0	-0.1
379	
Trendon Watford
POR	21	33	14	19	12.6	4.5	1.9	3.2	59.0	0.0	0.3	9.1	0.7	1.1	68.6	0.8	2.4	3.2	1.1	0.7	0.3	0.5	1.7	11.5	0	0	-3.3
381	
Xavier Tillman
MEM	23	39	25	14	13.1	4.5	1.8	3.9	45.1	0.2	0.9	20.0	0.8	1.2	64.6	1.2	1.8	3.0	1.0	0.7	1.1	0.4	1.3	13.2	0	0	-1.0
382	
Louis King
SAC	22	10	2	8	10.4	4.5	1.5	4.7	31.9	0.8	2.7	29.6	0.7	1.0	70.0	0.0	1.2	1.2	0.9	0.0	0.2	0.1	1.4	8.2	0	0	-2.9
383	
Jabari Parker
BOS	26	12	4	8	9.4	4.4	1.5	3.2	47.4	0.7	1.3	50.0	0.8	0.8	100	0.4	1.9	2.3	0.5	0.7	0.3	0.1	1.1	8.6	0	0	-0.6
384	
Lindell Wigginton
MIL	23	10	6	4	10.5	4.4	1.4	2.6	53.8	0.7	1.3	53.8	0.9	1.3	69.2	0.1	1.4	1.5	0.7	0.6	0.3	0.1	0.8	7.9	0	0	-1.4
385	
Josh Green
DAL	21	44	27	17	14.4	4.4	1.8	3.5	50.3	0.3	0.9	30.8	0.6	0.8	71.4	0.7	1.5	2.2	1.3	0.5	0.7	0.2	1.7	11.1	0	0	1.8
386	
Malcolm Hill
CHI	26	16	7	9	12.2	4.4	1.4	3.0	47.9	0.8	2.1	39.4	0.7	0.9	78.6	0.7	1.3	2.0	0.3	0.1	0.4	0.2	1.3	8.7	0	0	-1.3
387	
Delon Wright
ATL	29	53	27	26	18.2	4.3	1.6	3.6	44.2	0.5	1.5	37.7	0.6	0.8	82.5	0.7	2.2	2.9	2.5	0.6	1.0	0.2	0.8	14.6	0	0	0.4
388	
Reggie Perry
IND	21	3	0	3	16.9	4.3	1.7	3.3	50.0	0.3	0.7	50.0	0.7	0.7	100	0.7	2.0	2.7	0.7	0.3	0.3	0.0	3.0	9.2	0	0	-6.0
389	
CJ Elleby
POR	21	35	15	20	15.1	4.3	1.6	4.1	39.2	0.5	1.8	29.0	0.6	0.7	80.8	0.9	2.1	2.9	1.1	0.5	0.5	0.2	1.6	11.1	0	0	-2.1
390	
Mamadi Diakite
OKC	25	13	4	9	14.4	4.3	1.9	3.6	53.2	0.0	0.4	0.0	0.5	0.8	54.5	1.3	3.2	4.5	0.2	0.5	0.4	0.7	2.5	12.7	0	0	-1.1
391	
Theo Maledon
OKC	20	31	9	22	14.2	4.3	1.3	4.2	31.8	0.5	2.1	23.1	1.2	1.4	85.7	0.3	1.4	1.6	1.2	0.9	0.5	0.2	1.1	8.9	0	0	-4.2
392	
Vlatko Cancar
DEN	24	14	7	7	10.9	4.3	1.6	2.8	56.4	0.5	0.9	58.3	0.6	0.9	75.0	0.4	1.2	1.6	0.9	0.6	0.1	0.2	0.9	8.2	0	0	1.0
393	
Frank Ntilikina
DAL	23	47	27	20	12.5	4.3	1.5	4.0	37.9	0.7	2.1	34.0	0.5	0.5	95.8	0.1	1.2	1.3	1.1	0.6	0.5	0.1	1.1	9.0	0	0	1.1
394	
Matt Thomas
CHI	27	35	22	13	12.8	4.3	1.4	3.6	39.7	0.9	2.5	38.4	0.5	0.6	80.0	0.1	1.3	1.4	0.6	0.2	0.2	0.1	0.5	7.5	0	0	0.7
395	
DeAndre Jordan
LAL	33	31	15	16	12.9	4.2	1.9	2.8	67.0	0.0	0.0	0.0	0.4	0.8	48.0	1.6	3.9	5.5	0.4	0.6	0.3	0.8	1.6	14.1	0	0	-3.0
396	
Sam Merrill
MEM	25	6	2	4	9.6	4.2	1.3	4.0	33.3	1.2	3.8	30.4	0.3	0.7	50.0	0.2	1.0	1.2	0.7	0.3	0.0	0.0	0.5	6.2	0	0	-1.5
397	
James Ennis III
DEN	31	7	3	4	7.9	4.1	1.6	3.4	45.8	0.4	1.1	37.5	0.6	0.7	80.0	0.7	1.0	1.7	0.4	0.3	0.3	0.3	0.7	8.3	0	0	0.0
398	
Timothe Luwawu-Cabarrot
ATL	26	36	19	17	12.6	4.1	1.4	3.6	38.5	0.9	2.4	36.8	0.5	0.6	85.0	0.3	1.1	1.4	0.7	0.4	0.4	0.1	1.3	7.9	0	0	-1.3
399	
Andre Iguodala
GSW	38	26	17	9	19.9	4.1	1.5	3.9	39.2	0.5	2.3	23.0	0.5	0.6	81.3	0.7	2.6	3.3	3.8	0.9	0.8	0.8	1.0	17.9	0	0	4.6
400	
Markus Howard
DEN	22	22	12	10	6.1	4.1	1.2	3.3	37.0	1.0	2.4	43.4	0.6	0.6	92.9	0.0	0.3	0.3	0.3	0.3	0.3	0.0	0.5	5.5	0	0	0.6
401	
Davon Reed
DEN	26	29	18	11	13.8	4.0	1.6	3.3	47.4	0.8	1.8	43.4	0.1	0.2	80.0	0.3	2.2	2.5	1.0	0.3	0.6	0.1	1.4	10.3	0	0	0.6
402	
Brandon Williams
POR	22	2	0	2	5.9	4.0	1.0	1.5	66.7	0.0	0.0	0.0	2.0	3.5	57.1	0.0	1.0	1.0	1.0	0.0	0.0	0.0	0.0	6.7	0	0	10.0
402	
Micah Potter
DET	23	3	2	1	10.3	4.0	1.7	3.7	45.5	0.0	0.7	0.0	0.7	0.7	100	1.3	1.7	3.0	0.0	0.3	0.3	0.3	1.3	9.3	0	0	-13.3
402	
Scotty Hopson
OKC	32	1	0	1	17.7	4.0	2.0	4.0	50.0	0.0	1.0	0.0	0.0	0.0	0.0	0.0	1.0	1.0	1.0	2.0	0.0	0.0	1.0	4.7	0	0	-6.0
405	
Trevor Ariza
LAL	36	20	8	12	19.3	4.0	1.3	3.7	35.1	1.0	3.1	32.8	0.4	0.7	50.0	0.3	3.1	3.4	1.2	0.5	0.5	0.2	0.9	11.3	0	0	-1.8
406	
Taj Gibson
NYK	36	39	17	22	18.3	3.9	1.5	2.9	52.6	0.2	0.6	36.4	0.6	0.8	75.8	1.6	2.8	4.5	0.6	0.6	0.4	0.8	2.8	13.4	0	0	0.9
407	
Trey Murphy III
NOP	21	41	18	23	12.7	3.9	1.2	3.6	33.8	0.9	2.6	33.6	0.6	0.7	85.7	0.7	1.5	2.1	0.5	0.3	0.3	0.1	1.0	8.2	0	0	-0.7
408	
Isaiah Joe
PHI	22	41	24	17	12.2	3.8	1.2	3.5	35.2	0.9	2.7	33.0	0.5	0.5	95.2	0.1	1.0	1.1	0.7	0.4	0.3	0.0	0.9	6.8	0	0	0.0
409	
Jarrett Culver
MEM	23	27	20	7	9.2	3.8	1.5	3.6	41.7	0.4	1.2	30.3	0.4	0.9	52.2	0.4	1.1	1.4	1.0	0.5	0.6	0.1	1.1	8.6	0	0	1.0
410	
Daishen Nix
HOU	20	8	1	7	8.4	3.8	1.6	2.5	65.0	0.4	0.9	42.9	0.1	0.4	33.3	0.1	1.1	1.3	1.3	1.1	0.9	0.0	0.4	8.6	0	0	-0.5
410	
Naji Marshall
NOP	24	32	10	22	9.6	3.8	1.3	3.4	37.0	0.3	1.5	21.3	0.9	1.1	85.7	0.5	1.6	2.1	0.8	0.8	0.4	0.1	0.9	8.2	0	0	-1.0
412	
Tim Frazier
ORL	31	10	1	9	20.0	3.7	1.3	4.3	30.2	0.6	1.7	35.3	0.5	0.9	55.6	0.5	1.4	1.9	3.3	1.3	0.3	0.1	2.4	10.8	0	0	-7.0
413	
Cheick Diallo
DET	25	3	0	3	10.2	3.7	1.0	2.7	37.5	0.0	0.0	0.0	1.7	2.0	83.3	1.3	2.7	4.0	0.0	0.3	0.3	0.0	2.0	9.1	0	0	-11.0
413	
Haywood Highsmith
MIA	25	6	4	2	11.9	3.7	1.3	3.5	38.1	1.0	2.5	40.0	0.0	0.3	0.0	0.5	1.0	1.5	0.0	0.2	0.0	0.2	1.0	5.8	0	0	-6.7
413	
KZ Okpala
MIA	22	21	14	7	11.6	3.7	1.4	3.3	43.5	0.4	1.2	34.6	0.4	0.5	72.7	0.5	1.4	2.0	0.7	0.2	0.2	0.3	1.2	8.3	0	0	0.3
413	
Mychal Mulder
ORL	27	15	2	13	13.0	3.7	1.3	4.5	29.9	0.9	3.1	28.3	0.1	0.1	100	0.1	1.3	1.4	0.2	0.5	0.3	0.1	0.8	6.1	0	0	-3.6
417	
Sterling Brown
DAL	27	38	23	15	13.8	3.7	1.3	3.4	39.8	0.7	2.1	34.2	0.3	0.3	90.9	0.6	2.8	3.4	0.8	0.6	0.3	0.1	1.2	9.7	2	0	1.0
418	
Enes Freedom
BOS	29	35	20	15	11.8	3.7	1.5	2.8	52.6	0.1	0.1	40.0	0.7	0.8	85.7	1.7	2.8	4.6	0.2	0.6	0.1	0.4	1.2	10.5	2	0	2.0
419	
Kent Bazemore
LAL	32	32	16	16	14.4	3.7	1.3	3.8	33.1	0.8	2.1	35.8	0.4	0.5	76.5	0.3	1.4	1.7	0.9	0.3	0.7	0.2	1.8	9.3	0	0	-2.8
420	
Paul Millsap
PHI	37	26	17	9	11.2	3.7	1.4	3.7	38.9	0.3	1.2	25.8	0.5	0.7	68.4	1.3	2.4	3.7	1.0	0.5	0.2	0.4	2.0	11.0	0	0	-0.5
421	
Dalano Banton
TOR	22	47	27	20	11.8	3.6	1.5	3.6	41.3	0.2	0.9	25.6	0.4	0.7	61.8	0.7	1.6	2.2	1.6	1.0	0.5	0.2	1.2	9.7	0	0	0.4
422	
Brad Wanamaker
WAS	32	23	10	13	13.9	3.6	1.2	3.3	36.4	0.2	0.7	23.5	1.0	1.1	92.0	0.3	1.4	1.7	2.4	1.0	0.3	0.3	2.0	9.9	0	0	-1.9
423	
Devontae Cacok
SAS	25	10	4	6	8.0	3.6	1.6	2.3	69.6	0.0	0.0	0.0	0.4	0.7	57.1	0.5	2.5	3.0	0.2	0.2	0.5	0.7	1.1	10.9	0	0	0.4
424	
Killian Tillie
MEM	23	32	23	9	13.3	3.6	1.3	3.6	36.2	0.8	2.4	33.8	0.2	0.3	62.5	0.6	1.1	1.7	0.6	0.3	0.7	0.4	1.7	9.7	0	0	1.8
425	
Jevon Carter
BKN	26	46	25	21	12.0	3.6	1.3	3.8	33.3	0.9	2.8	33.1	0.2	0.2	70.0	0.2	1.3	1.5	1.0	0.6	0.3	0.2	1.0	7.8	0	0	-0.7
426	
Anthony Gill
WAS	29	26	9	17	8.7	3.6	1.3	2.0	62.3	0.3	0.4	63.6	0.8	1.1	71.4	0.7	0.8	1.5	0.5	0.4	0.2	0.2	1.5	7.0	0	0	1.9
427	
Gorgui Dieng
ATL	32	37	18	19	9.0	3.6	1.2	2.6	47.9	0.6	1.5	42.6	0.5	0.6	70.8	0.9	2.2	3.0	0.8	0.5	0.3	0.4	1.2	9.7	0	0	-1.0
428	
Aaron Nesmith
BOS	22	41	24	17	10.8	3.5	1.3	3.5	37.8	0.5	2.2	23.6	0.4	0.5	84.2	0.3	1.4	1.7	0.3	0.6	0.3	0.1	1.3	6.6	0	0	0.4
429	
Keon Johnson
POR	19	15	6	9	9.0	3.5	1.1	3.4	33.3	0.2	0.7	27.3	1.1	1.4	76.2	0.4	1.0	1.4	0.9	0.5	0.5	0.1	1.4	7.8	0	0	-0.5
430	
Jared Harper
NOP	24	2	1	1	5.2	3.5	1.5	3.5	42.9	0.5	1.0	50.0	0.0	0.0	0.0	0.5	0.0	0.5	1.5	0.5	0.0	0.5	1.0	7.4	0	0	0.0
430	
Justin Anderson
IND	28	6	1	5	12.8	3.5	1.0	3.2	31.6	0.5	2.5	20.0	1.0	1.2	85.7	0.3	1.3	1.7	1.5	0.5	0.3	0.2	1.5	8.8	0	0	7.2
432	
Alfonzo McKinnie
CHI	29	17	8	9	12.1	3.5	1.4	3.6	39.3	0.5	1.6	33.3	0.1	0.5	25.0	0.8	1.2	1.9	0.3	0.4	0.1	0.2	1.5	6.7	0	0	-3.2
433	
Admiral Schofield
ORL	24	24	5	19	11.3	3.5	1.3	2.8	47.1	0.6	1.7	34.1	0.2	0.3	71.4	0.4	1.7	2.0	0.7	0.5	0.1	0.2	1.3	7.2	0	0	-1.6
434	
Paul Watson
OKC	27	9	2	7	17.4	3.4	1.3	3.9	34.3	0.7	2.9	23.1	0.1	0.2	50.0	0.3	2.7	3.0	0.9	0.4	0.3	0.3	1.1	9.9	0	0	-6.2
435	
Jared Butler
UTA	21	28	23	5	7.6	3.4	1.3	3.1	40.9	0.6	1.7	36.2	0.3	0.4	58.3	0.1	0.7	0.8	1.2	0.8	0.3	0.3	1.0	7.2	0	0	-1.4
436	
Nick Richards
CHA	24	41	20	21	8.4	3.4	1.3	2.0	67.9	0.0	0.0	0.0	0.7	1.0	73.2	0.7	1.2	2.0	0.3	0.5	0.2	0.5	1.2	7.8	0	0	-2.3
437	
Nerlens Noel
NYK	27	25	10	15	22.5	3.4	1.3	2.4	53.3	0.0	0.1	0.0	0.8	1.2	70.0	1.9	3.7	5.6	0.9	0.8	1.2	1.2	2.7	18.1	0	0	-2.7
438	
Skylar Mays
ATL	24	23	12	11	9.0	3.4	1.3	2.7	50.8	0.3	1.1	32.0	0.3	0.4	88.9	0.2	0.9	1.1	0.7	0.4	0.3	0.0	0.3	6.2	1	0	-1.5
439	
Tyler Cook
CHI	24	19	12	7	10.3	3.4	1.2	1.9	61.1	0.0	0.0	0.0	1.1	1.6	64.5	0.8	1.9	2.7	0.2	0.4	0.2	0.2	1.4	7.8	0	0	-1.6
440	
Elfrid Payton
PHX	27	38	31	7	11.7	3.3	1.5	3.7	39.4	0.1	0.4	28.6	0.3	0.7	39.3	0.5	1.5	2.0	2.2	1.0	0.5	0.1	0.9	9.8	0	0	0.0
441	
Santi Aldama
MEM	21	27	17	10	10.2	3.3	1.4	3.6	38.1	0.1	1.4	10.3	0.4	0.7	60.0	0.9	1.5	2.4	0.5	0.3	0.1	0.3	1.0	7.6	1	0	0.7
441	
Tremont Waters
WAS	24	3	0	3	16.8	3.3	1.3	4.7	28.6	0.7	3.0	22.2	0.0	0.0	0.0	0.0	1.3	1.3	2.3	1.3	1.7	0.0	1.3	12.1	0	0	-6.3
443	
Greg Brown III
POR	20	28	12	16	7.9	3.3	1.3	2.9	43.2	0.1	0.8	19.0	0.7	1.1	63.3	0.7	1.3	2.0	0.3	0.4	0.3	0.4	1.1	7.8	0	0	-2.0
444	
Trent Forrest
UTA	23	46	30	16	12.2	3.2	1.3	2.4	53.2	0.1	0.4	22.2	0.6	0.8	80.6	0.4	1.3	1.7	1.5	0.8	0.5	0.1	0.7	8.5	0	0	0.9
445	
Moses Moody
GSW	19	34	26	8	9.5	3.2	1.1	3.0	37.6	0.6	1.8	30.6	0.4	0.5	82.4	0.2	1.1	1.4	0.3	0.2	0.1	0.2	0.7	5.9	0	0	-1.1
446	
Jahmi'us Ramsey
SAC	20	19	2	17	7.0	3.2	1.3	3.1	41.4	0.3	0.9	27.8	0.4	0.7	50.0	0.2	0.5	0.7	0.4	0.3	0.1	0.1	0.5	4.6	0	0	-1.1
447	
Rodney Hood
LAC	29	41	24	17	14.5	3.1	1.1	3.2	34.8	0.6	2.0	30.0	0.3	0.3	92.9	0.3	1.3	1.7	0.8	0.2	0.3	0.1	0.7	7.3	0	0	-0.5
448	
Nathan Knight
MIN	24	28	15	13	6.9	3.1	1.0	2.0	48.2	0.1	0.3	25.0	1.1	1.6	71.1	0.8	1.3	2.1	0.5	0.4	0.1	0.3	1.0	7.2	1	0	-0.1
449	
Justin Robinson
DET	24	25	13	12	12.1	3.1	1.1	3.7	30.1	0.7	2.4	29.5	0.2	0.3	50.0	0.2	0.7	0.8	1.3	0.7	0.4	0.0	1.1	6.6	0	0	-4.9
450	
Moses Brown
DAL	22	26	14	12	6.5	3.1	1.0	1.9	54.0	0.0	0.0	0.0	1.0	1.7	62.8	0.6	1.7	2.3	0.0	0.5	0.1	0.3	1.1	6.8	0	0	0.1
451	
Tony Bradley
CHI	24	45	26	19	11.1	3.1	1.4	2.4	57.9	0.0	0.0	0.0	0.3	0.5	66.7	1.3	2.4	3.7	0.5	0.6	0.2	0.7	1.2	10.4	0	0	1.5
452	
Jordan McLaughlin
MIN	25	41	22	19	12.5	3.0	1.1	3.0	37.7	0.2	1.1	19.1	0.6	0.8	74.2	0.2	1.1	1.3	2.8	0.5	0.7	0.1	0.6	10.5	1	0	-0.8
453	
Charles Bassey
PHI	21	23	11	12	7.3	3.0	1.3	2.0	63.8	0.0	0.2	0.0	0.4	0.5	75.0	1.0	1.7	2.7	0.3	0.3	0.2	0.7	1.4	9.2	1	0	-1.5
453	
Daniel Oturu
TOR	22	3	1	2	9.1	3.0	1.0	2.0	50.0	0.0	0.3	0.0	1.0	1.7	60.0	0.3	1.3	1.7	0.0	0.0	0.0	0.7	0.3	7.0	0	0	-8.0
453	
Kevin Knox II
ATL	22	21	11	10	8.0	3.0	1.0	2.9	34.4	0.5	1.9	28.2	0.5	0.7	71.4	0.5	1.1	1.7	0.4	0.3	0.1	0.0	0.5	5.8	0	0	-2.3
453	
Paris Bass
PHX	26	2	2	0	3.7	3.0	1.0	3.0	33.3	0.0	1.0	0.0	1.0	1.0	100	1.0	1.0	2.0	0.0	1.0	0.5	0.0	1.0	5.9	0	0	1.0
453	
Sandro Mamukelashvili
MIL	22	34	19	15	9.3	3.0	1.1	2.5	45.9	0.4	1.1	38.5	0.3	0.4	75.0	0.8	0.9	1.8	0.5	0.3	0.2	0.2	0.6	6.8	0	0	-3.5
453	
Tony Snell
NOP	30	41	14	27	14.6	3.0	1.1	2.8	39.5	0.7	2.1	34.1	0.1	0.1	100	0.3	1.6	1.9	0.5	0.4	0.2	0.2	1.2	7.0	0	0	-3.3
453	
Trevon Scott
CLE	25	2	1	1	5.7	3.0	1.5	3.0	50.0	0.0	0.5	0.0	0.0	0.0	0.0	0.5	0.5	1.0	0.0	0.0	0.5	0.5	1.0	7.2	0	0	2.0
460	
Elijah Hughes
POR	23	17	13	4	9.1	2.9	1.1	3.1	34.0	0.6	2.3	28.2	0.2	0.2	100	0.2	1.2	1.5	0.5	0.5	0.2	0.2	0.7	6.3	0	0	-4.0
461	
Semi Ojeleye
LAC	27	22	12	10	14.6	2.9	0.9	3.5	26.0	0.5	2.0	27.3	0.5	0.7	75.0	1.2	1.5	2.7	0.2	0.3	0.2	0.2	1.2	7.6	0	0	-6.2
462	
Udonis Haslem
MIA	41	9	7	2	6.3	2.9	1.2	2.4	50.0	0.1	0.2	50.0	0.3	0.3	100	0.4	1.6	2.0	0.3	0.3	0.1	0.1	1.2	6.1	0	0	1.3
463	
Malachi Flynn
TOR	23	34	20	14	9.0	2.9	1.1	3.1	35.5	0.5	1.6	29.1	0.2	0.3	66.7	0.2	0.9	1.1	1.1	0.3	0.4	0.1	0.9	7.0	0	0	-1.1
464	
Denzel Valentine
UTA	28	24	14	10	9.2	2.9	1.0	2.8	37.9	0.8	2.0	40.4	0.0	0.0	0.0	0.4	1.4	1.8	0.5	0.5	0.3	0.0	0.8	6.2	0	0	-1.1
465	
Tyler Johnson
SAS	29	6	2	4	15.2	2.8	1.0	3.3	30.0	0.8	2.2	38.5	0.0	0.0	0.0	0.5	1.5	2.0	1.2	0.3	0.5	0.5	1.2	9.7	0	0	-1.0
466	
Ignas Brazdeikis
ORL	23	28	4	24	9.0	2.8	1.0	2.8	35.9	0.4	1.3	31.4	0.4	0.5	80.0	0.4	0.9	1.3	0.8	0.3	0.3	0.0	0.9	6.1	0	0	-0.7
467	
Aleem Ford
ORL	24	5	2	3	14.7	2.8	1.2	4.0	30.0	0.4	3.0	13.3	0.0	0.0	0.0	0.4	2.6	3.0	0.4	0.8	0.2	0.0	1.4	6.8	0	0	-7.0
467	
Quinndary Weatherspoon
GSW	25	5	4	1	6.6	2.8	1.2	2.0	60.0	0.0	0.2	0.0	0.4	0.4	100	0.2	1.0	1.2	0.4	0.6	0.2	0.2	1.4	5.4	0	0	-0.8
469	
Gary Clark
NOP	27	27	13	14	10.9	2.8	0.9	2.5	35.8	0.8	2.1	37.5	0.2	0.3	75.0	0.6	2.0	2.6	0.4	0.2	0.4	0.3	0.6	8.2	0	0	-0.9
470	
Tomas Satoransky
SAS	30	32	12	20	15.0	2.8	1.0	3.3	29.9	0.2	1.0	16.1	0.6	0.8	76.0	0.6	1.4	2.0	2.4	0.7	0.4	0.0	1.0	9.4	0	0	-4.7
471	
Jay Scrubb
LAC	21	18	8	10	6.7	2.7	1.0	2.6	39.1	0.3	1.2	28.6	0.4	0.6	70.0	0.1	0.8	0.9	0.4	0.4	0.2	0.2	0.5	5.2	0	0	0.9
472	
Thanasis Antetokounmpo
MIL	29	37	20	17	9.7	2.6	1.1	2.3	47.7	0.0	0.3	9.1	0.4	0.6	62.5	0.8	1.3	2.1	0.5	0.5	0.4	0.2	1.5	7.2	0	0	-2.9
473	
Devon Dotson
CHI	22	11	5	6	7.7	2.6	1.0	2.1	47.8	0.2	0.8	22.2	0.5	0.8	55.6	0.1	0.7	0.8	1.4	0.5	0.1	0.0	1.0	5.5	0	0	-0.2
474	
Chris Silva
MIA	25	10	7	3	9.1	2.6	0.8	1.5	53.3	0.0	0.0	0.0	1.0	1.2	83.3	1.3	2.3	3.6	0.7	0.8	0.0	0.1	2.0	7.5	0	0	-2.9
475	
JT Thor
CHA	19	19	9	10	9.0	2.6	0.9	2.2	40.5	0.4	1.3	29.2	0.4	0.6	66.7	0.5	0.9	1.4	0.7	0.3	0.3	0.4	1.0	7.2	0	0	0.8
476	
Josh Okogie
MIN	23	33	13	20	12.4	2.6	0.8	2.3	34.7	0.3	1.1	27.8	0.7	1.1	62.2	0.8	1.1	1.8	0.5	0.5	0.5	0.3	1.2	7.5	0	0	0.3
477	
Gabriel Deck
OKC	27	7	2	5	7.9	2.6	1.1	2.0	57.1	0.3	0.6	50.0	0.0	0.0	0.0	0.1	0.7	0.9	0.7	0.3	0.1	0.0	0.3	4.8	0	0	-2.0
478	
Dylan Windler
CLE	25	37	23	14	9.3	2.5	0.9	2.1	42.9	0.6	1.5	38.9	0.2	0.2	77.8	0.4	1.3	1.7	0.7	0.4	0.2	0.1	1.0	6.1	0	0	-0.4
479	
Cassius Winston
WAS	23	4	1	3	5.8	2.5	0.8	1.5	50.0	0.5	1.3	40.0	0.5	0.5	100	0.0	0.0	0.0	1.0	0.3	0.0	0.0	1.0	3.8	0	0	0.3
479	
Mason Jones
LAL	23	2	0	2	4.4	2.5	1.0	4.0	25.0	0.0	1.0	0.0	0.5	1.0	50.0	0.5	0.5	1.0	0.0	0.5	0.5	0.0	0.5	4.7	0	0	-2.0
481	
Joe Wieskamp
SAS	22	15	5	10	6.1	2.5	0.9	1.9	46.4	0.5	1.3	42.1	0.2	0.5	42.9	0.2	0.3	0.5	0.3	0.1	0.1	0.1	0.4	4.3	0	0	-0.5
482	
Justin Champagnie
TOR	20	31	19	12	8.2	2.5	0.9	1.9	48.3	0.3	0.7	40.9	0.3	0.3	100	1.2	0.9	2.1	0.3	0.2	0.2	0.1	1.0	6.2	0	0	1.8
483	
Abdel Nader
PHX	28	14	11	3	10.4	2.4	0.9	2.5	34.3	0.3	1.0	28.6	0.4	0.7	60.0	0.3	1.6	1.9	0.5	0.8	0.6	0.3	1.4	7.3	0	0	-0.1
484	
Paul Reed
PHI	22	24	12	12	9.5	2.4	1.1	2.5	45.0	0.0	0.2	0.0	0.2	0.4	40.0	1.3	1.4	2.7	0.4	0.3	0.8	0.5	1.5	9.8	0	0	-2.4
485	
Javonte Smart
MIA	22	13	8	5	12.3	2.4	0.8	3.3	25.6	0.3	1.4	22.2	0.4	0.5	83.3	0.3	1.2	1.5	1.1	0.7	0.3	0.2	0.8	6.4	0	0	-2.2
486	
Bol Bol
ORL	22	14	5	9	5.8	2.4	1.1	1.9	55.6	0.1	0.3	25.0	0.1	0.4	40.0	0.3	1.1	1.4	0.4	0.3	0.1	0.1	0.3	5.0	0	0	0.4
487	
Freddie Gillespie
ORL	24	9	1	8	13.2	2.3	1.0	2.4	40.9	0.0	0.1	0.0	0.3	0.8	42.9	1.4	2.6	4.0	0.6	0.6	0.3	1.0	2.0	11.4	0	0	-3.2
488	
Justin Jackson
PHX	26	7	6	1	5.2	2.1	0.7	2.1	33.3	0.4	1.3	33.3	0.3	0.3	100	0.1	0.9	1.0	0.3	0.1	0.0	0.0	0.4	3.6	0	0	-1.9
489	
Chris Chiozza
GSW	26	26	18	8	10.7	2.1	0.7	2.5	29.2	0.6	1.7	37.2	0.0	0.0	100	0.3	0.8	1.2	1.8	0.8	0.3	0.0	0.9	6.4	0	0	-0.5
490	
Neemias Queta
SAC	22	10	2	8	5.6	2.1	0.9	2.3	39.1	0.0	0.0	0.0	0.3	0.5	60.0	1.1	0.8	1.9	0.4	0.4	0.1	0.4	1.1	6.1	0	0	-0.5
491	
Ahmad Caver
IND	25	1	0	1	0.8	2.0	1.0	1.0	100	0.0	0.0	0.0	0.0	0.0	0.0	0.0	0.0	0.0	0.0	0.0	0.0	0.0	0.0	2.0	0	0	2.0
491	
Craig Sword
WAS	28	3	1	2	6.3	2.0	1.0	1.3	75.0	0.0	0.3	0.0	0.0	0.0	0.0	0.0	0.0	0.0	0.3	0.3	1.3	0.0	2.3	6.2	0	0	0.3
491	
Damyean Dotson
NYK	27	2	1	1	10.3	2.0	1.0	2.0	50.0	0.0	0.5	0.0	0.0	0.0	0.0	0.0	1.0	1.0	0.5	0.0	0.0	0.0	0.0	4.0	0	0	1.5
491	
Jake Layman
MIN	27	23	14	9	7.3	2.0	0.8	2.1	36.7	0.2	1.1	15.4	0.3	0.3	75.0	0.2	0.9	1.0	0.3	0.3	0.3	0.2	0.4	4.7	0	0	-2.1
491	
Jemerrio Jones
LAL	26	2	0	2	7.4	2.0	1.0	1.5	66.7	0.0	0.0	0.0	0.0	0.0	0.0	1.0	0.5	1.5	0.0	0.0	0.5	0.0	1.0	5.3	0	0	-6.5
491	
Joe Johnson
BOS	40	1	1	0	2.0	2.0	1.0	1.0	100	0.0	0.0	0.0	0.0	0.0	0.0	0.0	0.0	0.0	0.0	0.0	0.0	0.0	0.0	2.0	0	0	-5.0
491	
Keljin Blevins
POR	26	12	4	8	6.1	2.0	0.8	1.9	39.1	0.5	1.2	42.9	0.0	0.2	0.0	0.2	0.5	0.7	0.3	0.5	0.0	0.0	0.4	2.8	0	0	-3.6
491	
Langston Galloway
MIL	30	7	4	3	15.2	2.0	0.9	3.7	23.1	0.3	2.3	12.5	0.0	0.0	0.0	0.4	2.1	2.6	1.7	0.9	0.1	0.0	1.0	7.2	0	0	-1.7
491	
Mac McClung
CHI	23	1	1	0	2.6	2.0	1.0	1.0	100	0.0	0.0	0.0	0.0	0.0	0.0	0.0	0.0	0.0	0.0	1.0	0.0	0.0	0.0	1.0	0	0	-2.0
491	
Norvel Pelle
UTA	29	3	0	3	6.3	2.0	1.0	1.7	60.0	0.0	0.0	0.0	0.0	0.0	0.0	1.0	1.0	2.0	0.0	0.7	0.0	0.3	0.3	4.7	0	0	-6.3
491	
Olivier Sarr
OKC	23	2	0	2	6.8	2.0	0.5	1.5	33.3	0.0	0.5	0.0	1.0	1.0	100	0.0	2.5	2.5	0.0	0.0	0.0	1.0	0.5	8.0	0	0	-4.0
491	
Rayjon Tucker
DEN	24	3	1	2	9.8	2.0	0.3	0.7	50.0	0.3	0.7	50.0	1.0	1.3	75.0	0.3	1.0	1.3	1.3	0.0	0.3	0.0	1.0	6.6	0	0	1.0
491	
Shaquille Harrison
BKN	28	2	1	1	11.3	2.0	1.0	3.0	33.3	0.0	1.0	0.0	0.0	0.0	0.0	0.5	1.5	2.0	1.5	1.0	0.5	0.5	1.5	8.7	0	0	-2.0
491	
Wenyen Gabriel
LAC	24	7	3	4	6.8	2.0	0.7	1.9	38.5	0.3	0.7	40.0	0.3	0.6	50.0	0.7	1.4	2.1	0.3	0.4	0.1	0.3	1.6	5.9	0	0	0.0
505	
Sam Hauser
BOS	24	11	8	3	4.9	1.9	0.6	1.7	36.8	0.6	1.7	36.8	0.0	0.0	0.0	0.1	0.5	0.6	0.4	0.0	0.1	0.1	0.4	3.8	0	0	-0.3
506	
Marko Simonovic
CHI	22	9	4	5	3.9	1.9	0.4	1.7	26.7	0.1	0.6	20.0	0.9	1.2	72.7	0.6	0.6	1.1	0.0	0.2	0.1	0.1	0.7	3.7	0	0	0.3
506	
Willie Cauley-Stein
DAL	28	18	10	8	9.8	1.9	0.9	1.9	45.7	0.1	0.1	50.0	0.1	0.1	50.0	0.7	1.4	2.1	0.5	0.4	0.3	0.2	0.9	6.3	0	0	1.2
508	
Ish Wainright
PHX	27	29	24	5	7.4	1.9	0.7	2.0	36.2	0.3	1.1	29.0	0.1	0.2	42.9	0.7	0.6	1.3	0.3	0.3	0.3	0.2	1.1	5.0	0	0	1.1
509	
Miles McBride
NYK	21	21	9	12	7.2	1.8	0.7	2.8	25.9	0.2	1.5	16.1	0.1	0.2	75.0	0.1	0.7	0.8	1.1	0.1	0.4	0.0	0.7	5.5	0	0	1.4
510	
Jalen Johnson
ATL	20	14	9	5	4.6	1.8	0.6	1.4	45.0	0.2	0.6	37.5	0.3	0.4	66.7	0.0	1.1	1.1	0.1	0.2	0.0	0.1	0.2	3.3	0	0	-1.4
511	
Georgios Kalaitzakis
MIL	23	9	7	2	5.3	1.8	0.6	1.2	45.5	0.2	0.4	50.0	0.4	1.0	44.4	0.4	0.4	0.9	0.0	0.4	0.1	0.1	0.9	3.1	0	0	-5.4
512	
Eugene Omoruyi
DAL	25	4	1	3	4.5	1.8	0.5	1.3	40.0	0.3	0.5	50.0	0.5	1.0	50.0	0.5	1.3	1.8	0.5	0.0	0.0	0.0	0.5	4.6	0	0	0.8
512	
Theo Pinson
DAL	26	16	11	5	7.5	1.8	0.6	2.0	28.1	0.4	1.6	24.0	0.3	0.3	100	0.1	1.1	1.2	0.8	0.1	0.3	0.1	0.6	5.4	0	0	-3.1
514	
Alize Johnson
WAS	25	19	11	8	7.3	1.7	0.7	1.5	48.3	0.0	0.2	0.0	0.2	0.4	50.0	1.1	1.4	2.5	0.4	0.6	0.2	0.0	0.8	5.2	0	0	-3.5
515	
Lindy Waters III
OKC	24	3	0	3	4.1	1.7	0.7	1.0	66.7	0.3	0.7	50.0	0.0	0.0	0.0	0.0	0.3	0.3	0.0	0.0	0.0	0.0	0.7	2.1	0	0	0.0
515	
McKinley Wright IV
MIN	23	3	3	0	2.9	1.7	0.7	1.0	66.7	0.3	0.7	50.0	0.0	0.0	0.0	0.0	0.0	0.0	0.3	0.3	0.0	0.0	0.3	1.8	0	0	-3.0
515	
Wayne Selden
NYK	27	3	2	1	6.4	1.7	0.3	1.3	25.0	0.3	0.7	50.0	0.7	1.3	50.0	0.0	0.3	0.3	0.3	0.0	0.0	0.0	0.3	2.6	0	0	-4.3
518	
Kevin Pangos
CLE	29	24	16	8	6.9	1.6	0.6	1.9	32.6	0.3	1.1	23.1	0.1	0.2	75.0	0.1	0.4	0.5	1.3	0.3	0.1	0.0	0.5	4.1	0	0	-1.5
519	
Isaiah Todd
WAS	20	10	1	9	4.1	1.6	0.5	1.7	29.4	0.4	1.1	36.4	0.2	0.6	33.3	0.2	0.8	1.0	0.3	0.1	0.2	0.2	0.1	4.4	0	0	-0.1
519	
Vernon Carey Jr.
WAS	20	5	3	2	3.6	1.6	0.6	1.2	50.0	0.0	0.0	0.0	0.4	0.6	66.7	0.6	0.4	1.0	0.0	0.2	0.2	0.0	0.2	3.2	0	0	-4.4
521	
Charlie Brown Jr.
PHI	25	19	14	5	9.1	1.6	0.5	2.1	25.6	0.1	0.6	8.3	0.5	0.5	90.0	0.7	0.9	1.7	0.3	0.3	0.5	0.2	0.9	6.0	0	0	-1.1
522	
RJ Nembhard Jr.
CLE	22	7	4	3	6.2	1.6	0.7	1.6	45.5	0.0	0.1	0.0	0.1	0.3	50.0	0.0	0.3	0.3	1.4	0.3	0.0	0.0	0.3	3.8	0	0	0.3
523	
Emmanuel Mudiay
SAC	25	2	0	2	5.5	1.5	0.0	1.0	0.0	0.0	0.0	0.0	1.5	2.0	75.0	0.0	0.0	0.0	2.0	0.5	0.5	0.0	0.5	5.5	0	0	-3.5
523	
Rob Edwards
OKC	25	2	0	2	5.4	1.5	0.5	2.0	25.0	0.5	2.0	25.0	0.0	0.0	0.0	0.0	1.5	1.5	0.0	0.5	0.0	0.0	0.0	2.8	0	0	-7.0
525	
Darren Collison
LAL	34	3	1	2	12.4	1.3	0.7	2.3	28.6	0.0	1.0	0.0	0.0	0.0	0.0	0.0	1.3	1.3	0.7	0.3	0.3	0.0	1.7	4.6	0	0	-4.7
526	
Bruno Fernando
HOU	23	22	14	8	3.3	1.3	0.5	1.0	50.0	0.0	0.1	50.0	0.3	0.4	75.0	0.5	0.5	1.0	0.2	0.3	0.0	0.1	0.4	2.8	0	0	-1.8
527	
Usman Garuba
HOU	19	15	2	13	7.0	1.3	0.5	1.6	33.3	0.1	0.9	15.4	0.1	0.1	50.0	0.6	1.7	2.3	0.5	0.2	0.5	0.4	0.6	7.2	0	0	2.6
528	
Jeff Dowtin
MIL	24	5	4	1	6.1	1.2	0.6	1.4	42.9	0.0	0.4	0.0	0.0	0.0	0.0	0.2	1.2	1.4	0.6	0.2	0.0	0.2	0.4	4.2	0	0	2.6
529	
Myles Powell
PHI	24	11	8	3	4.7	1.2	0.5	1.5	29.4	0.1	0.5	16.7	0.2	0.2	100	0.1	0.5	0.5	0.3	0.3	0.1	0.0	0.7	2.2	0	0	-1.6
530	
Juancho Hernangomez
UTA	26	25	13	12	6.1	1.2	0.3	1.4	23.5	0.2	0.9	18.2	0.4	0.5	69.2	0.5	1.1	1.6	0.2	0.4	0.2	0.1	0.3	4.0	0	0	-1.5
531	
Brodric Thomas
BOS	25	8	4	4	4.9	1.1	0.4	1.4	27.3	0.1	0.9	14.3	0.3	0.3	100	0.3	0.5	0.8	0.6	0.5	0.0	0.1	0.6	2.8	0	0	1.1
532	
Leandro Bolmaro
MIN	21	25	13	12	7.5	1.1	0.4	1.3	28.1	0.1	0.5	16.7	0.3	0.4	88.9	0.6	0.8	1.4	0.4	0.5	0.2	0.0	0.8	3.6	0	0	-1.4
533	
Ed Davis
CLE	32	19	11	8	7.5	1.1	0.5	0.7	64.3	0.0	0.0	0.0	0.2	0.4	37.5	0.4	1.9	2.3	0.3	0.3	0.2	0.4	1.4	5.8	0	0	-0.3
534	
Tacko Fall
CLE	26	11	4	7	5.3	1.1	0.5	1.1	41.7	0.0	0.0	0.0	0.2	0.6	28.6	0.6	1.5	2.1	0.2	0.3	0.0	0.5	0.3	5.2	0	0	0.5
535	
Marcus Garrett
MIA	23	12	11	1	10.7	1.1	0.4	1.8	23.8	0.1	0.3	25.0	0.2	0.4	40.0	0.8	1.2	1.9	0.6	0.2	0.4	0.3	1.3	6.1	0	0	1.4
536	
Petr Cornelie
DEN	26	13	3	10	2.9	1.1	0.4	1.2	33.3	0.1	0.6	12.5	0.2	0.3	75.0	0.5	0.5	1.1	0.2	0.3	0.1	0.1	0.5	2.9	0	0	0.6
537	
Jericho Sims
NYK	23	18	7	11	6.5	1.1	0.4	0.6	72.7	0.0	0.0	0.0	0.2	0.2	75.0	0.6	0.9	1.5	0.1	0.1	0.2	0.4	0.6	4.5	0	0	-1.0
538	
Braxton Key
PHI	25	2	2	0	3.2	1.0	0.5	1.0	50.0	0.0	0.5	0.0	0.0	0.0	0.0	0.5	0.5	1.0	0.5	1.0	0.5	0.0	0.5	3.5	0	0	-2.5
538	
Dakota Mathias
MEM	26	6	5	1	2.7	1.0	0.3	1.0	33.3	0.3	1.0	33.3	0.0	0.0	0.0	0.0	0.3	0.3	0.2	0.0	0.2	0.0	0.2	2.2	0	0	-1.8
538	
Deividas Sirvydis
DET	21	3	1	2	8.9	1.0	0.3	3.3	10.0	0.3	2.3	14.3	0.0	0.0	0.0	0.0	2.0	2.0	0.3	0.0	1.0	0.3	1.3	7.9	0	0	-9.3
538	
Jaden Springer
PHI	19	2	2	0	2.8	1.0	0.5	0.5	100	0.0	0.0	0.0	0.0	0.0	0.0	0.5	0.5	1.0	0.0	0.5	0.0	1.0	0.0	4.7	0	0	-4.0
538	
Luke Kornet
BOS	26	4	3	1	6.6	1.0	0.3	2.3	11.1	0.0	0.5	0.0	0.5	0.8	66.7	0.8	0.8	1.5	0.5	0.0	0.3	0.3	0.5	5.1	0	0	5.0
538	
Shaq Buchanan
MEM	25	2	2	0	4.9	1.0	0.5	2.0	25.0	0.0	1.0	0.0	0.0	0.0	0.0	0.5	0.5	1.0	1.0	1.0	0.5	0.0	0.5	4.2	0	0	-1.0
538	
Tyrell Terry
MEM	21	2	2	0	1.5	1.0	0.5	0.5	100	0.0	0.0	0.0	0.0	0.0	0.0	0.0	0.0	0.0	0.0	0.0	0.0	0.0	0.5	1.0	0	0	-1.0
538	
Vit Krejci
OKC	21	6	2	4	5.2	1.0	0.3	1.0	33.3	0.0	0.7	0.0	0.3	0.3	100	0.0	0.8	0.8	0.3	0.3	0.0	0.0	0.3	2.2	0	0	-0.2
546	
Kai Jones
CHA	21	17	11	6	2.8	0.9	0.4	0.6	63.6	0.1	0.1	50.0	0.1	0.2	25.0	0.1	0.4	0.5	0.2	0.3	0.0	0.0	0.3	1.6	0	0	-0.8
547	
Malik Fitts
UTA	24	7	6	1	5.0	0.9	0.3	1.3	22.2	0.3	0.6	50.0	0.0	0.0	0.0	0.0	1.4	1.4	0.0	0.3	0.0	0.0	0.4	2.3	0	0	-4.1
548	
Isaac Bonga
TOR	22	13	8	5	5.1	0.8	0.2	1.0	23.1	0.1	0.3	25.0	0.3	0.5	66.7	0.3	0.2	0.5	0.2	0.2	0.5	0.2	0.8	3.8	0	0	-2.7
549	
Carlik Jones
DEN	24	5	3	2	4.7	0.8	0.2	1.8	11.1	0.0	0.2	0.0	0.4	0.4	100	0.2	0.4	0.6	1.0	0.6	0.2	0.0	0.0	3.0	0	0	-4.0
550	
Chandler Hutchison
PHX	25	6	4	2	3.7	0.7	0.2	0.3	50.0	0.0	0.0	0.0	0.3	0.3	100	0.0	0.8	0.8	0.3	0.7	0.0	0.0	0.2	1.5	0	0	2.5
550	
DaQuan Jeffries
MEM	24	3	3	0	2.9	0.7	0.3	0.7	50.0	0.0	0.3	0.0	0.0	0.0	0.0	0.0	0.7	0.7	0.3	0.0	0.0	0.0	0.3	2.0	0	0	-1.0
550	
Jarron Cumberland
POR	24	3	0	3	4.1	0.7	0.3	0.7	50.0	0.0	0.3	0.0	0.0	0.0	0.0	0.3	0.7	1.0	0.3	0.0	0.0	0.0	0.7	2.4	0	0	3.0
550	
Jaylen Morris
SAS	26	3	0	3	5.3	0.7	0.0	2.0	0.0	0.0	0.7	0.0	0.7	1.3	50.0	0.0	0.7	0.7	0.7	0.3	0.0	0.0	0.7	2.1	0	0	2.7
554	
Sharife Cooper
ATL	20	11	6	5	3.2	0.6	0.3	1.3	21.4	0.1	0.5	16.7	0.0	0.0	0.0	0.0	0.5	0.5	0.5	0.5	0.0	0.0	0.1	1.4	0	0	-2.6
555	
Solomon Hill
ATL	30	13	7	6	10.7	0.6	0.2	1.5	15.0	0.2	1.0	15.4	0.0	0.0	0.0	0.5	1.3	1.8	0.9	0.1	0.3	0.2	1.2	5.4	0	0	3.2
556	
Robert Woodard II
SAC	22	12	0	12	3.5	0.6	0.2	1.3	12.5	0.1	0.3	25.0	0.2	0.2	100	0.4	0.5	0.9	0.3	0.1	0.1	0.1	0.3	2.5	0	0	1.3
557	
Jamorko Pickett
DET	24	6	1	5	7.8	0.5	0.2	1.7	10.0	0.2	1.2	14.3	0.0	0.0	0.0	0.3	1.2	1.5	0.2	0.5	0.0	0.2	0.5	2.6	0	0	-3.8
557	
Scottie Lewis
CHA	21	2	1	1	3.3	0.5	0.0	0.0	0.0	0.0	0.0	0.0	0.5	1.0	50.0	0.0	0.0	0.0	0.5	0.0	0.5	0.0	0.0	2.8	0	0	-2.0
559	
Yves Pons
MEM	22	7	6	1	3.2	0.4	0.1	0.4	33.3	0.1	0.1	100	0.0	0.3	0.0	0.3	0.4	0.7	0.0	0.0	0.0	0.0	0.3	1.3	0	0	-0.3
560	
Aaron Henry
PHI	22	6	6	0	2.8	0.3	0.2	0.8	20.0	0.0	0.2	0.0	0.0	0.0	0.0	0.0	0.2	0.2	0.0	0.3	0.0	0.3	0.3	1.2	0	0	-3.3
561	
Miye Oni
UTA	24	16	15	1	2.8	0.3	0.1	0.6	22.2	0.1	0.5	12.5	0.0	0.1	0.0	0.1	0.4	0.4	0.3	0.1	0.0	0.0	0.4	1.2	0	0	-2.0
562	
Joel Ayayi
WAS	21	7	1	6	2.9	0.3	0.1	0.9	16.7	0.0	0.1	0.0	0.0	0.0	0.0	0.1	0.3	0.4	0.6	0.0	0.0	0.0	0.0	1.7	0	0	0.4
563	
George King
DAL	28	4	2	2	4.8	0.3	0.0	1.3	0.0	0.0	1.0	0.0	0.3	0.5	50.0	0.0	1.3	1.3	0.0	0.3	0.0	0.0	1.0	1.5	0	0	-6.8
564	
Ade Murkey
SAC	24	1	0	1	1.5	0.0	0.0	0.0	0.0	0.0	0.0	0.0	0.0	0.0	0.0	0.0	0.0	0.0	0.0	0.0	0.0	0.0	0.0	0.0	0	0	-1.0
564	
Anthony Lamb
SAS	24	2	0	2	3.8	0.0	0.0	1.0	0.0	0.0	1.0	0.0	0.0	0.0	0.0	0.0	0.5	0.5	1.0	0.0	0.0	0.0	0.0	2.1	0	0	2.5
564	
Arnoldas Kulboka
CHA	24	1	1	0	2.7	0.0	0.0	0.0	0.0	0.0	0.0	0.0	0.0	0.0	0.0	0.0	0.0	0.0	0.0	0.0	0.0	0.0	0.0	0.0	0	0	-8.0
564	
CJ Miles
BOS	34	1	1	0	2.0	0.0	0.0	0.0	0.0	0.0	0.0	0.0	0.0	0.0	0.0	0.0	0.0	0.0	0.0	0.0	0.0	0.0	1.0	0.0	0	0	-5.0
564	
Cat Barber
ATL	27	3	0	3	4.3	0.0	0.0	1.3	0.0	0.0	0.0	0.0	0.0	1.3	0.0	0.3	0.7	1.0	1.0	0.3	0.0	0.0	0.3	2.4	0	0	3.7
564	
David Johnson
TOR	20	2	2	0	1.0	0.0	0.0	0.5	0.0	0.0	0.5	0.0	0.0	0.0	0.0	0.0	0.0	0.0	0.0	0.0	0.0	0.0	0.0	0.0	0	0	-1.0
564	
DeJon Jarreau
IND	24	1	0	1	0.9	0.0	0.0	0.0	0.0	0.0	0.0	0.0	0.0	0.0	0.0	0.0	0.0	0.0	0.0	0.0	0.0	0.0	0.0	0.0	0	0	2.0
564	
Didi Louzada
POR	22	2	0	2	3.5	0.0	0.0	1.5	0.0	0.0	1.5	0.0	0.0	0.0	0.0	1.0	0.0	1.0	0.5	0.0	0.0	0.0	0.0	2.0	0	0	-2.0
564	
Emanuel Terry
PHX	25	3	2	1	6.1	0.0	0.0	1.7	0.0	0.0	0.0	0.0	0.0	0.0	0.0	2.7	2.3	5.0	0.7	1.7	0.3	0.0	1.3	6.3	0	0	-6.3
564	
Isaiah Livers
DET	23	1	0	1	4.7	0.0	0.0	2.0	0.0	0.0	2.0	0.0	0.0	0.0	0.0	0.0	0.0	0.0	0.0	1.0	1.0	1.0	1.0	5.0	0	0	-2.0
564	
JaQuori McLaughlin
DAL	24	4	2	2	2.7	0.0	0.0	0.5	0.0	0.0	0.3	0.0	0.0	0.0	0.0	0.0	0.0	0.0	0.5	0.0	0.0	0.0	0.3	0.8	0	0	-2.3
564	
Jaime Echenique
WAS	24	1	1	0	3.1	0.0	0.0	0.0	0.0	0.0	0.0	0.0	0.0	0.0	0.0	0.0	0.0	0.0	0.0	0.0	0.0	0.0	0.0	0.0	0	0	-1.0
564	
Javin DeLaurier
MIL	23	1	1	0	2.8	0.0	0.0	0.0	0.0	0.0	0.0	0.0	0.0	0.0	0.0	0.0	1.0	1.0	0.0	0.0	1.0	0.0	1.0	4.2	0	0	4.0
564	
Jay Huff
LAL	24	4	0	4	5.1	0.0	0.0	0.8	0.0	0.0	0.5	0.0	0.0	0.0	0.0	0.3	0.8	1.0	0.3	0.3	0.3	0.3	0.3	2.8	0	0	3.8
564	
Jaylen Hoard
OKC	22	1	0	1	1.8	0.0	0.0	1.0	0.0	0.0	0.0	0.0	0.0	0.0	0.0	1.0	1.0	2.0	0.0	0.0	0.0	0.0	0.0	2.4	0	0	-4.0
564	
Jaysean Paige
DET	27	1	1	0	6.6	0.0	0.0	3.0	0.0	0.0	2.0	0.0	0.0	0.0	0.0	0.0	1.0	1.0	1.0	1.0	0.0	0.0	2.0	1.7	0	0	-10.0
564	
Jon Teske
MEM	24	3	3	0	2.6	0.0	0.0	0.3	0.0	0.0	0.0	0.0	0.0	0.7	0.0	0.0	0.7	0.7	0.3	0.0	0.3	0.0	0.3	2.3	0	0	-1.0
564	
Jordan Bell
CHI	27	1	1	0	2.0	0.0	0.0	0.0	0.0	0.0	0.0	0.0	0.0	0.0	0.0	1.0	0.0	1.0	0.0	0.0	1.0	0.0	2.0	4.2	0	0	1.0
564	
Jordan Goodwin
WAS	23	2	1	1	3.0	0.0	0.0	1.5	0.0	0.0	0.5	0.0	0.0	0.0	0.0	0.0	0.5	0.5	0.0	0.0	0.0	0.0	0.5	0.6	0	0	-4.0
564	
Jordan Schakel
WAS	23	2	1	1	7.1	0.0	0.0	3.0	0.0	0.0	1.5	0.0	0.0	0.0	0.0	1.0	0.5	1.5	0.0	0.0	0.0	0.0	0.0	1.8	0	0	2.0
564	
MJ Walker
PHX	23	2	1	1	4.2	0.0	0.0	2.0	0.0	0.0	1.0	0.0	0.0	0.0	0.0	0.0	0.5	0.5	0.5	0.0	1.0	0.0	0.5	4.4	0	0	-1.5
564	
Matt Mooney
NYK	27	1	1	0	1.9	0.0	0.0	1.0	0.0	0.0	1.0	0.0	0.0	0.0	0.0	0.0	0.0	0.0	0.0	1.0	1.0	0.0	0.0	2.0	0	0	-5.0
564	
Moses Wright
LAC	23	1	1	0	1.5	0.0	0.0	0.0	0.0	0.0	0.0	0.0	0.0	0.0	0.0	0.0	0.0	0.0	1.0	0.0	0.0	0.0	0.0	1.5	0	0	1.0
564	
Nate Hinton
IND	22	2	0	2	1.2	0.0	0.0	0.5	0.0	0.0	0.0	0.0	0.0	0.0	0.0	0.0	0.0	0.0	0.0	0.5	0.0	0.0	0.0	-0.5	0	0	2.0
564	
Sam Dekker
TOR	27	1	1	0	0.9	0.0	0.0	0.0	0.0	0.0	0.0	0.0	0.0	0.0	0.0	0.0	0.0	0.0	0.0	0.0	0.0	0.0	0.0	0.0	0	0	-5.0
564	
Trayvon Palmer
DET	27	1	0	1	16.8	0.0	0.0	1.0	0.0	0.0	0.0	0.0	0.0	0.0	0.0	0.0	2.0	2.0	0.0	1.0	0.0	0.0	2.0	1.4	0	0	-12.0
564	
Tyler Hall
NYK	24	1	1	0	1.9	0.0	0.0	0.0	0.0	0.0	0.0	0.0	0.0	0.0	0.0	0.0	0.0	0.0	0.0	0.0	0.0	0.0	0.0	0.0	0	0	-5.0
564	
Xavier Sneed
UTA	24	2	2	0	3.8	0.0	0.0	1.0	0.0	0.0	1.0	0.0	0.0	0.0	0.0	0.5	0.5	1.0	0.0	0.0	0.0	0.0	1.0	1.2	0	0	-3.0
564	
Zylan Cheatham
UTA	26	1	0	1	5.2	0.0	0.0	3.0	0.0	0.0	2.0	0.0	0.0	0.0	0.0	0.0	0.0	0.0	0.0	0.0	0.0	0.0	0.0	0.0	0	0	-13.0